0 0.951412 0.278419 1.71218 0.942701 -0.391446 -0.173522 -0.15876 0.487829
0 -1.01031 1.31772 0.118537 -1.2983 1.47094 -0.628996 -0.217117 -0.840302
0 0.458889 -0.235266 -0.354153 0.439236 -0.0205563 0.316817 -0.456091 -0.436081
0 -0.0442899 -0.290511 0.0287213 1.27323 0.572504 -1.40625 0.341025 -0.296805
0 -1.0889 -0.250368 -0.786654 0.332505 -0.61015 1.60106 0.0900874 0.487483
0 0.0393948 -0.0865309 -0.323914 0.248371 -0.942017 -1.62036 -0.207781 0.102051
0 -0.439745 -0.533258 0.840397 -0.234823 -0.627302 -1.47541 -8.90293e-05 0.682566
0 -0.56526 0.421105 -0.780043 0.122003 1.09049 -1.80387 -1.04676 0.397323
0 0.0808387 -0.0915789 0.5855 1.13638 0.921237 -0.164236 0.543865 0.245471
0 0.15676 0.889134 -0.361628 0.76846 0.705429 1.33521 -0.0116993 -0.585601
0 0.940858 -1.71872 -1.86218 0.363522 0.210208 -1.01831 0.566948 0.993047
0 1.52275 -0.232007 -0.203445 -0.0639016 -0.646206 0.137251 0.723951 1.03505
0 1.4212 -0.786182 1.04615 -0.700581 0.602799 0.673268 0.305257 0.0345479
0 0.188687 -0.331993 -0.0814945 -0.93101 -0.145241 -0.217185 -0.657494 0.267248
0 -0.605684 -0.438001 0.525957 -0.115753 -0.963317 -0.238201 1.54692 -0.155729
0 -0.282717 -0.227481 -0.586956 0.0234925 0.48843 -1.16862 1.01975 -0.0912925
0 -0.130191 -0.688844 1.60051 0.520892 -0.316369 1.05724 0.325768 0.52904
0 0.263776 -0.13108 0.73607 0.354382 -0.689509 -0.306408 -1.06777 -0.0785879
0 -0.732827 0.26647 0.0757389 0.487566 0.0812302 0.619369 -1.32103 -0.661112
0 -0.0465771 -0.580725 0.461703 -0.340513 -0.683952 0.929946 -0.754954 0.725119
0 -0.481188 -1.59139 -0.971467 0.79151 -0.423882 -0.897634 -0.0277964 0.504756
0 -1.64992 0.0414605 -0.270738 -1.46788 0.473275 0.51258 0.390577 -0.0274759
0 0.379242 0.0891573 0.132822 -0.0691477 0.173299 0.364329 0.846606 0.384757
0 -0.175086 -0.443006 0.259817 1.29924 -0.658028 0.405025 -0.21582 0.450065
0 -0.515862 -1.09009 -0.64486 -0.28881 0.826899 0.00707128 0.511255 -0.643489
0 0.353042 -0.178862 2.18013 -0.175867 -0.341064 0.693928 -1.43344 0.254498
0 0.430812 0.101125 0.23142 0.360307 -0.843707 0.585535 0.415594 1.41361
0 0.740536 0.598903 1.07341 0.932093 0.308165 0.23349 -0.198185 -0.450376
0 -1.02436 0.0921426 -0.0725742 -0.572061 -0.229243 -0.148045 -0.669932 1.17942
0 0.30519 0.617873 0.274094 -1.16722 -0.204644 0.660394 -1.06379 -0.395348
0 0.405959 0.590413 -0.695559 1.20538 0.992589 -1.1136 0.423858 -1.27263
0 -0.136451 -0.413228 -0.242723 -0.0477342 0.387493 0.591415 -0.84898 1.35923
0 -1.08308 -0.0483029 0.585108 0.155233 0.46703 -0.512749 -0.484696 0.138369
0 0.477456 -0.504795 0.364692 -0.612354 1.9578 -0.119776 0.166478 0.433938
0 1.0225 1.14054 -0.378987 0.251609 -0.358002 -0.470528 1.79807 0.445203
0 0.204141 0.283392 0.261917 -0.98193 1.0527 0.892949 0.0306712 -0.611221
0 0.197952 0.451247 -0.451902 1.30193 0.572953 -0.0905064 -0.754428 0.0213539
0 -0.356161 -0.68285 -0.918715 0.153174 0.150266 1.84313 -0.545462 -0.468765
0 -0.383343 -0.709951 -0.131994 -0.241033 0.652801 0.0622694 -1.30118 0.235944
0 -0.189944 0.468757 0.173374 1.27527 0.235168 0.513572 0.179538 0.227996
0 -0.100772 -0.371838 -0.99366 -1.41899 0.53441 -0.928761 0.584726 -0.107181
0 0.304513 0.895655 -0.479459 -0.151362 -0.803768 1.47806 -0.455598 -0.350401
0 0.400944 -0.369222 -0.400165 0.669138 -0.141767 -0.162946 0.398528 0.130272
0 -0.633932 0.124607 1.1302 0.754129 -0.0591494 -0.104764 -0.106369 -0.853751
0 -1.012 -0.0904381 1.63473 0.0170393 0.373084 0.0269932 0.576182 -0.0606718
0 0.148844 -0.723512 -0.0748681 0.623187 0.0354672 0.291553 -2.3128 1.02766
0 1.03646 0.0564413 0.782269 -0.692086 -0.538 -0.128879 -0.0592445 0.216811
0 0.99714 -0.51052 -1.50978 -0.0392766 -0.200011 0.795389 -0.43967 -0.454976
0 -0.794238 -0.780367 0.173823 0.725383 1.22344 -0.482992 -0.256045 -0.244274
0 1.74332 -0.324542 -3.10226 -0.557316 0.756806 -1.59511 -1.4683 1.24284
0 -0.516577 0.201534 -0.172952 -0.183697 0.429064 0.346045 -0.190211 -1.61503
0 0.534561 1.52789 -0.0045204 -0.296839 0.199522 -0.874256 0.385759 -1.08149
0 -0.361295 0.557421 0.15478 0.948335 -0.599145 -0.735565 -1.21839 0.216773
0 0.484279 -0.328003 -0.53329 -0.531949 0.627731 -0.180936 0.202233 1.46928
0 -0.548967 -0.526291 -1.23225 0.660711 1.40266 0.584119 -0.569676 0.38303
0 1.22035 0.263421 0.334288 0.354915 -0.0722603 -0.813106 0.0532578 -0.494744
0 0.164374 0.420631 -0.513544 -0.0514194 -0.759207 -0.342524 0.392366 0.234301
0 -0.800901 0.371211 0.574376 0.140824 0.98973 -0.325433 0.738486 0.205821
0 0.321216 0.570951 -0.0218909 0.0942897 0.772927 -0.490229 0.716671 -0.1818
0 1.21315 -0.262773 0.40148 0.225357 0.730025 -0.710665 0.0929521 0.870199
0 0.74103 1.03114 -1.10936 0.274681 0.157058 -0.110066 1.86886 -1.10835
0 0.169911 -0.773466 -0.0198482 0.325001 -0.155336 -0.674442 -1.79691 -1.39916
0 0.815575 -0.0939752 1.1552 0.281552 -1.53892 -1.23518 0.754138 -0.022926
0 0.630335 0.380799 -1.21052 0.391698 1.54561 0.185415 -0.813471 -0.308957
0 0.181018 -0.922934 -1.89707 -0.544376 -1.34914 0.0769818 -0.97575 -0.689571
0 0.201772 -0.359982 -1.37836 0.255299 1.08133 -0.77714 -0.305101 -0.947291
0 0.661366 1.03548 0.466856 0.80558 -0.134425 0.558459 1.59839 0.703874
0 1.49326 0.0868483 -0.0674732 -0.793284 -0.148494 0.713952 -0.774633 -0.607156
0 -0.405153 -0.513078 0.385542 2.64594 0.588513 0.732122 -1.27746 0.514145
0 1.5815 -0.681632 1.9625 -1.07204 2.28167 0.0191878 -1.8794 -1.28531
0 0.808711 -0.266227 -1.09663 0.0250118 -0.26725 -1.15031 -0.13125 -0.817942
0 -0.528864 -1.47641 -1.03421 -0.715132 0.291204 0.862095 0.157536 0.270146
0 0.305271 -1.03399 -0.283296 0.876457 -1.07019 -0.63518 1.359 0.291091
0 -0.333778 -0.615728 0.239924 0.0469719 -2.31301 0.0482663 -1.60924 1.13056
0 0.532007 0.304011 0.659587 0.558093 -0.270512 0.267611 0.923254 -0.528326
0 0.598144 -0.707451 1.17272 -1.54142 0.148975 -0.560459 0.935554 0.287391
0 0.518859 -1.50805 0.607308 -0.554539 0.439358 -0.89454 -0.452342 -0.291489
0 0.741854 -1.76325 -0.620381 -0.082171 -1.08051 0.219445 -0.432292 -0.504099
0 1.16972 0.0472413 -0.73619 -0.000383809 -2.44954 0.979257 2.322 0.798612
0 0.126416 0.213997 -0.749328 0.133286 0.35282 -0.165943 0.267018 -0.294723
0 -0.182372 -0.516852 -0.407813 -0.410643 -0.274207 0.105651 0.47113 -0.402647
0 0.673039 -0.25143 0.0995217 -1.12532 -0.690784 -0.219891 0.0762749 -0.576525
0 0.80643 -2.39315 -0.0159189 -0.111364 0.0187707 0.0369282 0.361665 -1.19234
0 -0.281381 0.645787 0.387974 -0.730848 -0.504154 -0.242711 -0.357209 -0.38731
0 -0.251738 0.0437363 -0.991946 -0.209388 -0.721625 0.114828 0.092956 -1.28013
0 0.0987534 -0.323154 -0.380225 -0.414504 0.813538 0.816452 0.482654 0.221644
0 0.354569 0.405311 0.836322 0.221213 0.198056 0.276842 -0.401803 0.987122
0 -0.026746 0.0622779 -0.399597 -1.48133 0.466705 0.500291 -0.631066 0.744912
0 0.297154 0.0586401 0.336858 -0.710416 0.381296 -1.33862 -0.411746 -0.477373
0 0.806734 0.549815 0.489305 -0.544644 0.0301811 0.319626 1.24867 0.267102
0 -1.44392 -0.114119 0.482175 0.924006 0.235495 0.119721 0.664223 0.891152
0 -2.42159 0.522247 0.173557 0.672176 -0.620822 0.298879 -1.00094 2.05066
0 0.460874 0.0607302 -0.0427564 0.48804 0.904809 -0.522608 -0.648177 -1.15413
0 0.0158473 -0.859227 0.793055 0.371511 0.0277892 -0.456574 -0.0363009 1.66292
0 -0.125722 -0.727296 -0.74393 -0.251477 -0.639025 0.0434693 0.311903 0.636526
0 -0.527124 -0.472625 0.625687 0.3389 -0.0507384 0.0886682 0.940672 -1.27057
0 0.31883 -0.919807 -0.768539 0.27455 0.29267 -0.568708 0.378035 0.339479
0 0.279435 0.121622 -0.959522 -0.377127 0.899973 0.250687 -0.398642 0.370266
0 -0.0931014 0.261511 -0.150907 0.725714 -0.549925 -0.364287 -0.787738 -1.1353
0 0.475945 -0.75801 0.896059 -0.657431 -0.758699 0.292639 -0.449751 -0.914718
0 0.057605 -0.654066 -0.688471 1.23198 0.33655 0.711699 0.82503 1.07005
0 -1.37874 -0.793055 0.889621 0.749418 -0.902284 0.618797 -0.205358 -0.137075
0 -0.630894 0.229613 -0.530539 0.458465 0.711453 -0.6456 0.237148 0.571364
0 -0.684567 -0.115032 -0.184219 -0.941667 -0.581139 1.26265 0.0422707 -0.0171135
0 0.250289 0.161018 -0.217495 -0.203135 0.424632 -0.913002 -0.377402 0.265293
0 0.980189 -0.0612904 0.31069 0.158556 0.43146 0.908292 -0.564723 -0.386445
0 0.690543 0.575182 -1.38138 -0.55946 0.224592 -0.192386 0.573364 0.68832
0 -1.6097 1.65703 -0.667467 0.748682 -0.181321 -0.779933 -0.111138 0.583079
0 1.65812 0.729585 -0.125336 0.42936 0.70286 0.190187 -0.127056 -0.397371
0 -0.021011 1.31397 1.01284 0.346801 0.279924 0.46073 -0.464095 0.314873
0 -0.120321 0.616581 -0.338749 0.50595 0.456059 0.439468 0.0481164 -0.191374
0 0.899117 0.441565 0.821895 -0.382634 1.05481 -0.00199479 -0.25346 -0.0771411
0 -0.713897 -0.216104 0.530627 -1.17006 0.648021 -0.457931 -0.976996 0.150954
0 -2.20322 0.701908 -1.31588 -0.169174 -0.213793 1.04031 1.03511 -1.41342
0 -1.1641 -0.376751 -0.660366 -0.323281 -0.948114 -1.03798 0.726793 -0.574802
0 -0.769154 -0.0782626 -0.578157 -0.875435 -0.341025 1.71971 -1.01798 1.00703
0 -0.936494 -0.426942 0.274876 0.727235 -0.251305 -0.965735 0.207164 -0.214432
0 -0.629596 1.93804 -0.763831 -0.593984 -1.14073 -0.767494 -0.143933 -0.346458
0 -0.743539 -0.671273 0.22958 0.35201 0.263671 -0.542458 0.829796 0.594179
0 0.0578204 -0.587405 -0.544173 -0.486379 -0.0692883 0.942648 1.51284 -0.16089
0 0.427944 -1.32566 0.258576 1.07686 0.414246 -0.24849 0.052431 -0.165523
0 -0.302929 0.576853 -1.53202 0.239906 -0.80386 -0.568184 -0.11521 -0.253301
0 -0.96075 -0.668348 0.692544 -0.756789 0.838334 -0.0054612 0.267545 -0.410476
0 -0.402683 0.301425 -1.48271 -0.438281 -0.353843 0.604215 -0.424498 0.390204
0 0.0903195 -0.0379613 0.812112 -0.47661 0.503866 0.0242674 -0.391047 -0.178388
0 0.107146 -0.379626 1.12297 -0.123197 0.205307 3.06894 -0.489297 -0.765356
0 -0.0468593 0.613908 0.482595 -0.267079 -1.2189 -0.133925 -0.577374 0.707379
0 -0.179918 -0.815586 -1.0214 0.375369 -0.352788 0.0921129 -0.308768 -0.0958139
0 -0.798703 0.740663 -0.00701795 0.524941 0.693815 -0.0895562 -0.190912 1.16947
0 0.921666 -0.473697 -0.201267 -0.549559 0.498807 -0.181959 0.139759 -0.293808
0 -0.808206 -1.45847 0.392555 0.0784708 -0.0404431 0.800082 0.354184 -0.150032
0 0.106059 0.936938 0.731433 -0.16978 -0.71488 0.430369 0.582043 0.0401811
0 -0.00471604 0.050519 1.45608 -0.451855 1.15676 0.135697 -0.230912 0.668975
0 -0.623861 -0.798223 -0.290946 -0.496347 0.369855 -0.138336 -0.586971 -0.610196
0 -0.547602 1.07093 -0.780448 -0.168004 -0.778463 0.612284 0.0999754 0.0273796
0 -1.09919 0.781299 0.791691 -0.471837 -0.229259 0.33662 -0.426961 -0.460483
0 1.37095 0.625322 -0.045361 0.592768 -0.365771 -0.722426 -0.602508 1.18804
0 -0.232129 -0.325508 -0.150385 0.359887 0.248749 -0.629232 -0.724271 -0.422444
0 -0.722831 0.494111 0.417962 0.0705857 -0.0351707 0.151109 0.176499 0.500238
0 -0.876005 0.166195 -0.623541 -0.00950675 0.468318 0.552943 -0.374683 -0.073527
0 -0.687518 1.55071 -0.169599 -0.173369 0.351285 0.0751824 0.818947 -0.537582
0 -0.646388 1.21742 0.160296 0.361664 0.441325 -0.735038 -0.334386 -0.499275
0 -0.0238943 1.28457 -0.888686 -0.707992 0.304218 0.415334 -0.318016 -0.484536
0 -0.587392 0.593672 -1.46866 0.83273 0.0116372 -0.231194 -1.66461 0.476751
0 -1.36515 0.935561 0.26694 1.25574 -0.667216 0.0394995 -0.16541 -0.410224
0 -0.388838 1.10078 -0.328818 -0.46943 -0.332424 -0.98748 -0.791105 -0.398784
0 0.985555 0.567944 -0.901947 1.52858 -0.842392 0.257461 -0.0977573 -0.0269618
0 -0.857761 -0.671835 -0.0507339 0.163383 -0.583109 0.201538 0.0866091 0.336896
0 -0.717081 0.43069 -1.15866 1.20798 0.25454 -0.066486 -0.292402 -0.188164
0 -1.53508 -1.27585 -0.168707 -0.575281 1.46421 1.29785 0.403448 0.768659
0 1.00259 -0.833183 0.665061 0.938263 0.107506 0.161837 0.856676 0.634224
0 1.05406 1.08689 0.0217629 0.355408 0.702579 0.131183 0.800297 0.79054
0 -0.595894 0.0842414 0.597418 -0.031403 0.716038 1.6306 -0.491589 0.314548
0 0.417766 0.423307 0.385547 0.146182 0.972101 0.0278305 0.795908 -0.924117
0 -0.174711 0.926548 -0.166005 -0.386572 -0.54893 0.286626 -0.531458 1.88762
0 -0.36276 0.00168846 0.622152 -0.201962 -0.202754 1.24641 0.209032 1.59721
0 -0.448568 -1.10583 0.0939096 -0.0854745 0.789813 -0.25819 -0.0998591 0.549656
0 -0.0603839 -0.515243 -0.148811 0.601342 -0.347133 0.837831 0.714283 -0.0737921
0 0.623089 -0.714786 0.566012 -0.104463 0.533 -1.4893 0.301151 -1.24756
0 -0.669558 -0.761233 0.95966 -0.0621642 -0.67079 -0.36275 -0.492864 0.774634
0 -0.169629 0.53692 0.155441 1.29422 -1.22765 -0.506564 0.409881 0.302281
0 -1.43349 0.201213 -0.457058 0.568112 0.648355 -0.883406 0.135192 -1.32989
0 -0.252488 0.420454 -0.0963526 0.462861 -0.577355 0.245077 -0.145842 -0.330001
0 0.446877 0.196257 -0.37293 -0.834347 0.190711 -0.160818 -0.135638 -1.24424
0 -0.529462 -0.644575 -0.68891 -1.44893 -0.935194 0.148878 0.176014 -0.275937
0 -0.185751 0.202391 1.44209 0.449719 -1.16288 -0.428333 -0.180128 0.124306
0 -1.33943 -0.215429 -0.249927 -0.0079888 -0.0322403 0.30624 0.198231 -0.416037
0 -0.0815235 -0.240541 0.265266 -0.145032 -1.21424 0.628024 0.483259 -0.25504
0 -0.783756 0.270611 0.502135 -0.450388 -0.176356 0.0422347 0.401766 -0.515969
0 0.342838 0.694691 0.297633 -1.34746 -1.19103 -1.624 0.916987 -0.508506
0 0.25476 0.119262 0.472851 0.236396 -0.30917 -0.532766 0.170901 0.696126
0 0.61943 0.865966 0.490989 1.45184 -0.734013 0.850351 -1.18373 0.115163
0 1.03468 0.624888 0.658581 0.181395 -0.860392 0.5776 -0.707623 -0.691361
0 -0.235711 -0.329547 0.288745 -0.438086 -0.51024 -0.553871 -0.578142 -0.993219
0 1.76477 -1.01638 0.254671 -0.0397713 -0.583358 -0.042841 -0.639136 -0.311967
0 0.115139 1.03139 0.316817 0.0570928 1.31719 0.430585 -0.395441 -0.456735
0 -2.06441 -1.40392 -1.01912 -0.131841 0.383564 -0.21201 0.446671 0.281057
0 -0.574158 0.227777 0.284003 0.792145 -1.17805 -1.01554 0.719923 -1.45798
0 -0.505545 0.015396 0.733433 -0.954389 -1.50708 -0.159253 0.471214 -0.280021
0 -0.499306 0.417848 -0.360762 -0.162296 -0.546553 0.127466 1.12547 1.10085
0 0.198485 1.67713 -0.0813613 0.23271 0.431675 -0.0827977 -0.934382 0.958638
0 -0.235718 -0.841967 -0.00644051 -1.25885 0.190726 0.497794 0.306692 -0.551078
0 0.639796 -0.841056 0.906 0.17645 0.889623 -0.339904 0.334943 0.379073
0 0.452771 0.481011 -1.00493 0.138584 0.0682152 1.11788 1.30988 0.313332
0 0.237002 0.0267839 -0.262572 0.0774173 -0.429156 -0.541187 1.20076 -0.703139
0 -0.533833 -0.0840008 0.0735118 1.32585 1.03083 1.01906 -0.610405 -0.558184
0 1.95212 -0.587567 1.00588 0.704786 -0.295468 -0.847284 1.68522 0.775057
0 0.673474 0.177866 -0.29429 -0.0989843 -1.5027 0.141941 0.667787 -0.0268295
0 1.34615 0.040549 -0.666846 0.031443 0.236841 0.359835 0.71871 -0.348169
0 0.558611 -0.720029 -0.813126 0.894154 0.109781 1.20838 -0.299721 0.0886531
0 0.546591 0.22862 0.98389 -0.638801 0.601033 0.161838 -1.09805 -1.44362
0 -0.173135 0.445214 0.878028 0.166137 0.653056 0.647523 1.22264 -0.380923
0 0.446115 0.266468 -0.525236 -1.10991 -0.0388527 0.157626 0.568153 -0.0336728
0 -0.195511 0.126802 0.18946 -0.123789 0.247668 -0.629322 0.252915 -0.68919
0 0.475687 -0.956587 -1.00677 0.884254 -1.51429 -0.716432 -0.00251627 -0.028392
0 1.33145 0.574321 -0.0623778 -0.84211 0.209431 -0.875166 -0.290176 1.02061
0 -1.13815 1.46881 0.701009 -0.888462 -0.0309143 -1.36977 0.120252 -0.477992
0 -0.367491 0.650612 0.43373 0.144021 -0.13769 1.4307 0.643993 -0.535658
0 -0.499822 0.329842 -0.801629 0.232199 -0.639313 -0.82568 -0.152987 1.31957
0 0.216354 -0.390137 0.193563 0.365572 0.666864 0.43009 -0.166066 0.444109
0 0.296545 1.25392 -0.807183 0.949781 1.03558 -0.552902 0.20441 0.46921
0 0.639391 1.10536 -0.378817 0.175509 -0.511395 0.392182 0.0867686 -1.07671
0 -0.897197 0.39054 -1.29006 -0.61225 0.606682 -0.59197 -1.06502 0.19532
0 0.110276 1.39525 0.324543 -0.661813 0.081253 -1.07012 0.0109265 0.875099
0 0.323251 -0.337591 0.764666 0.441593 1.00188 0.962121 0.302553 -0.188556
0 -0.201447 0.636659 0.336415 0.713716 0.0849196 -0.788096 0.667791 0.289527
0 1.41964 -0.141675 -0.422073 0.0259533 0.383007 0.0430134 -1.1855 0.547527
0 0.574073 0.404988 -0.322333 0.197557 -0.334628 0.702716 -0.519158 0.532543
0 -0.523623 1.57585 -0.180263 -2.16716 0.379391 -0.345181 0.0509046 0.254558
0 -0.0936895 -1.06744 1.16825 0.752214 -0.114954 0.546995 -0.648421 -0.850986
0 -0.258347 1.30362 0.343498 0.256161 -0.935139 -0.493142 0.708553 -0.408248
0 0.0571161 -0.134508 0.0564615 0.473145 1.21644 -0.217175 -1.2773 0.320023
0 -0.858324 1.16085 0.0980832 0.123586 0.098189 0.890411 -0.478601 0.567172
0 0.467991 -0.556858 0.212199 1.44165 -0.189126 -0.391812 -0.844023 0.0386264
0 -0.877477 -0.329724 0.406603 -0.904093 0.294436 -0.125793 0.448297 0.758644
0 0.140232 -0.484045 -0.269191 -0.554718 -0.27525 -0.427154 1.95051 1.41004
0 0.706265 -1.1614 0.00971615 -0.337558 -0.506405 1.08132 0.202156 -0.457789
0 -0.366289 0.690981 0.257924 -1.11297 -0.0663785 0.717936 0.67743 0.920984
0 0.740117 -0.761225 0.180676 -0.0471569 -0.712349 -0.808029 -0.256544 0.0647648
0 0.721195 -0.218226 1.33746 -0.196464 0.0331891 -0.861321 -1.08443 0.204966
0 0.677686 -0.829062 -0.405353 -0.203527 -0.293327 0.154646 -0.53159 0.387343
0 1.32227 0.283542 1.3746 -0.103186 -0.640226 0.188897 1.08352 -0.890112
0 0.370809 -0.0696301 -0.557876 1.12708 0.467529 0.0794208 -1.26877 1.58055
0 -0.263543 -0.112174 1.01888 -0.078536 -0.167211 0.940247 -0.12749 -0.380194
0 0.569742 0.150744 -0.206574 -0.408781 -0.668419 0.4345 -0.212348 -0.0316039
0 -0.997798 0.298631 -0.395141 -0.660132 -0.887775 -0.0895094 -0.345157 -0.052669
0 -0.994258 0.449503 0.365989 -0.572202 0.240658 -1.91618 1.00215 -0.381039
0 0.0916926 1.64497 0.511023 0.482409 -0.494802 0.543078 -0.910781 -0.527172
0 0.368831 0.0014824 -0.255627 -0.129461 0.20016 0.922294 0.188709 -0.872112
0 -0.11491 -0.777439 0.463967 -1.04305 -0.718846 -0.0819017 -0.380794 0.266613
0 0.0344457 -1.27358 0.393007 -0.731568 0.476648 0.715335 1.46703 1.04797
0 0.384265 -0.232154 -0.493373 0.583987 1.40055 0.131404 0.688656 -0.391255
0 -0.063987 0.469526 0.377866 -0.552295 1.78127 -1.18398 0.967067 0.807846
0 0.24485 -0.494702 0.848529 0.152244 -0.214122 -0.0077413 0.0514307 -0.169605
0 0.813599 -0.0567774 0.9048 1.6507 -0.759238 -1.17048 0.22732 -0.150381
0 -0.0498843 -0.324588 0.265957 0.353411 0.626268 0.0783762 0.142848 -0.837518
0 -0.0809402 -1.07663 -0.967734 -0.657523 0.321597 -0.836023 -0.784136 0.272817
0 -0.187502 -0.530664 0.374411 1.06558 1.9298 -0.631903 -1.81514 -1.15355
0 0.789525 0.674358 -0.161462 0.587012 -0.328311 0.565319 0.377636 0.27076
0 -1.49015 0.615732 0.483221 -1.48401 1.43197 -0.00388033 1.67864 1.0476
0 0.0460234 0.418292 1.51001 -1.11842 0.115418 -0.102488 0.481221 -1.10224
0 0.912184 0.982907 0.0547198 -1.03011 0.264201 0.831312 -0.0536687 0.455332
0 -0.918698 -0.202534 -1.10036 0.963526 -1.17194 0.419278 0.827398 -0.0474832
0 -0.350887 0.12896 -0.121607 -0.0928157 -0.294407 -0.20524 -0.966463 0.21394
0 -0.670289 0.750751 -0.690646 0.207018 0.466164 0.456822 1.02538 0.201668
0 0.361109 0.081691 0.279079 -0.992641 -0.388875 -0.27327 -0.491884 1.19757
0 0.172249 -0.43638 1.40465 -0.361713 0.373122 0.719467 0.279223 -1.80161
0 0.485923 0.498756 0.369306 -0.883273 0.0134739 -0.934373 0.476625 0.0233778
0 0.394411 0.00455306 0.100863 0.528691 -0.907384 0.2145 0.544569 -1.27886
0 -0.946915 -1.09078 -0.245674 0.631665 -0.293278 0.57653 0.323433 -1.51151
0 2.16365 -0.894006 -0.952697 -0.553732 1.792 0.871909 0.100251 0.217995
0 0.763069 0.979221 -0.237707 -0.0457523 0.0277405 -0.23662 -0.515234 -0.000959856
0 0.965409 0.737736 -0.235402 -1.39335 2.07377 0.190541 -1.13561 -0.0825289
0 -0.113537 0.133981 -0.131664 -0.453178 0.245004 -0.598284 0.538818 0.581051
0 -0.518278 -1.79199 0.373484 -0.77494 0.362605 -0.850417 1.09861 -0.277277
0 -0.0995818 0.827516 -0.0979753 -0.460615 0.449319 0.291842 -0.206293 0.448902
