0 0.362136 -0.991917 -1.24748 0.608734 -0.00580149 -0.986434 0.21556 0.396227
0 -0.320369 -0.230202 1.18181 0.165038 -0.319288 0.580722 -0.0254877 0.784553
0 -0.653382 -0.80777 0.214817 0.660691 0.525861 0.649319 -0.125344 1.25068
0 0.5413 0.496032 0.521543 -0.733387 -1.20605 1.05414 -0.571383 -0.643646
0 -0.481171 -0.804224 0.455541 1.24066 0.28637 0.729019 0.800446 -0.81014
0 -0.0445198 0.190342 0.584817 -0.359655 0.541174 0.428205 0.591228 -0.33328
0 0.518575 0.328947 -0.511369 -0.0846091 0.193296 0.974745 0.427645 -0.266175
0 -1.31063 0.489208 0.487728 0.709989 -0.114421 -0.192865 1.45228 2.91021
0 0.569088 -0.0516159 -0.0980669 0.604877 0.0280239 -0.666124 0.49729 -0.0228898
0 -1.4798 0.00398936 -0.0684443 -0.279982 -0.56842 -0.23414 0.00990816 -0.379715
0 0.109698 0.551943 -0.597601 0.594955 1.05849 0.0407733 -0.115827 -0.673123
0 -0.425033 1.81829 -0.171468 -0.777866 -0.383429 -0.452932 1.82252 -0.127698
0 0.101618 0.0467109 0.871663 0.0357419 0.622402 -0.427262 0.696633 0.311467
0 0.568363 1.14749 -0.418508 -0.26201 -0.069642 0.0555115 0.497152 -0.244432
0 -0.411883 -1.24142 0.125602 0.604004 -0.0767578 -0.476543 0.781737 -0.120362
0 -0.85047 0.113401 -1.17784 1.37761 -0.849631 -0.932809 1.83357 1.03998
0 -1.83507 -0.651684 -0.313014 0.692715 0.48926 -0.0709596 1.23205 -0.633282
0 0.136273 -0.410555 -0.683982 -0.623659 0.759697 0.241559 -1.37945 -0.763624
0 0.772073 0.737835 1.47719 0.91278 0.276123 0.605808 0.688953 0.0135085
0 -0.336435 -0.924705 0.740028 -0.52331 -0.790646 -0.325297 0.722721 0.0747624
0 -0.0949845 -0.946973 -0.291005 1.09404 -0.194037 -0.0714412 -0.0627404 -0.742101
0 0.117999 0.209071 1.33631 -0.707008 -0.500141 -0.168396 -0.0917931 -0.310713
0 0.0447949 -0.365691 -1.06848 0.329137 0.0510743 0.370534 -0.544001 1.32844
0 -0.58648 0.684805 -0.759574 -1.95295 0.00962986 -0.257121 -0.874557 0.20106
0 0.461452 -0.269488 -0.514219 -0.33573 -0.753095 -0.643291 0.144785 1.39779
0 2.70818 0.299872 0.197772 2.32112 -0.668718 -1.28163 1.52424 -1.07075
0 0.553995 0.211689 -0.465023 -0.553137 0.201152 -1.12623 -0.393125 0.0803153
0 1.15331 -0.981357 -1.34899 -1.14162 1.14952 -0.492656 -0.0923963 0.213826
0 -0.770474 -0.707856 -0.675058 -0.33397 1.06027 -0.000756783 0.265305 1.05815
0 -0.353524 -1.92066 -0.788723 0.930707 -1.04773 0.180428 0.456586 -0.30059
0 0.230697 0.895992 0.797214 0.307329 -0.404286 -0.898243 0.200044 0.883909
0 -0.761496 0.560407 -0.411965 0.457787 0.129248 -0.630092 -0.881894 1.25604
0 -0.136134 -0.543596 -1.21368 -0.40563 -0.467627 -1.19388 -0.892478 -0.785454
0 -0.665796 -0.0556709 0.277748 -1.41503 -0.207099 -1.18936 -0.091786 -0.0792827
0 0.0190753 -0.743584 -0.614056 0.96881 0.982109 0.211735 -0.0502049 0.347283
0 -0.58487 1.00742 -1.98239 0.685641 -0.902406 -0.223865 -0.72389 -0.160943
0 -0.177909 0.440737 0.596634 0.557234 -0.526698 -0.48586 -0.600865 0.167635
0 -0.0657805 0.317471 -0.891141 -0.897005 0.369886 0.695436 -0.0779624 1.52013
0 -1.05073 -0.733943 -1.11751 -0.235492 -0.317227 -0.749866 0.940273 0.917785
0 0.297552 -0.243299 1.6719 0.816387 -0.0868797 -0.64064 -0.0294671 -1.69595
0 0.381752 0.925839 -0.187277 1.54369 0.333542 -1.63497 -1.03215 0.869473
0 0.710108 -0.385354 0.726498 0.520726 -1.66652 -0.656821 0.518657 -0.150876
0 -0.282433 0.805069 0.102752 0.636553 0.489324 0.510569 -0.00667973 -0.859387
0 -1.72523 0.554321 0.0994866 0.345138 -1.18496 -0.200478 -0.464466 0.843054
0 -0.496529 0.573908 -0.58455 0.318846 0.759851 -0.702959 0.476028 0.733014
0 -1.02037 0.292314 -0.803823 1.17731 1.53769 -0.921166 -0.680349 0.89147
0 1.71692 0.634304 -0.679688 0.7198 0.268855 -0.304323 0.134365 -0.559251
0 -0.342176 -0.63375 -0.046926 -0.213173 0.394369 0.352334 -0.210382 0.00700807
0 -0.243508 0.0513362 -0.0580362 0.824416 -0.482274 -0.433816 -0.209437 0.941869
0 1.69842 0.261793 0.949995 -1.52519 -1.03746 -1.98753 0.647777 0.0424929
0 -0.447982 -0.955917 0.444817 -0.562425 0.436869 -0.637608 -0.966572 -0.439072
0 -0.227708 0.258554 -0.505305 -0.514713 0.714945 -2.22655 0.197824 0.227085
0 0.266235 -0.818333 1.2674 -0.733252 0.0967156 0.81598 0.646194 -0.878413
0 1.0137 -1.15856 0.273773 1.39892 -0.145716 0.205291 -1.03247 -0.465875
0 1.21797 -0.416827 0.275755 0.117995 -0.730189 0.536387 0.38231 -0.618215
0 0.522632 -0.844333 0.393604 -0.0617171 1.19439 -0.349399 1.53124 -0.132696
0 1.334 -0.801116 0.626799 0.142897 0.983529 0.106551 0.281212 0.523374
0 -0.487041 0.0824785 0.472157 -0.4427 0.492977 0.644498 0.213583 -1.23166
0 -0.590177 0.179296 0.889839 0.497738 1.32531 0.797556 0.565364 0.259896
0 -0.117642 -1.44199 -0.333016 -0.571165 0.247873 -1.29266 0.342657 0.260252
0 0.821865 -0.756451 -0.447073 0.941322 -0.133343 0.25153 0.0848394 0.552146
0 0.237746 -0.769953 -1.06868 0.443673 0.227043 -0.223583 -0.32264 -0.49237
0 -0.942823 0.958924 -1.04107 -0.557381 -0.795715 0.424607 0.106223 -1.0668
0 1.91124 1.75654 0.358463 -0.343326 0.1783 0.476313 0.968109 0.17635
0 0.105311 -0.507114 -0.0690044 0.66934 1.65778 -1.04393 0.563708 0.826816
0 -0.817987 0.8868 -0.699738 -0.250682 -0.117131 -0.0156659 -0.174407 0.586763
0 0.360681 1.29961 -0.0753115 1.79237 1.89756 0.278782 0.503134 0.582887
0 -0.875513 0.490519 1.1164 -0.864524 0.501871 -0.715491 -1.1249 0.308438
0 0.415718 -0.132736 0.0955632 0.0164606 0.204761 0.31471 -1.27774 -0.258257
0 -1.62287 -0.586665 1.34607 -0.503998 0.501291 -0.593088 -0.0878031 0.858706
0 -0.0906646 -0.5348 -0.342473 1.11604 0.421627 1.90069 -1.02128 -0.833812
0 0.712777 0.719484 0.181199 -0.720036 -0.332928 0.0401874 0.513277 0.694294
0 0.414284 -0.175762 0.381681 0.931115 0.195463 0.733666 0.0811276 -0.105146
0 -0.990769 1.96177 -0.248639 1.04043 -0.561916 -0.0574607 0.719284 -0.793658
0 -0.783982 1.35934 -0.0161177 0.47353 1.15667 -0.652004 -0.399783 -0.0344078
0 0.790057 -0.812121 -1.18945 1.97957 0.480518 -0.16165 0.455468 -1.07515
0 0.29821 0.13253 2.58593 0.0582217 -0.713893 0.797684 -1.47792 -1.40831
0 0.439263 0.522433 -0.0928246 1.90959 -0.728713 -0.0257302 -0.0695908 0.640631
0 1.14565 -0.226577 0.11624 -0.388465 -1.06692 0.183382 1.3807 0.693987
0 -0.0232917 -0.288033 0.639069 0.694145 0.813148 -0.438508 0.00341204 0.150941
0 -0.353214 -0.759657 -0.201199 -0.803946 -0.856351 0.876627 0.384036 0.478418
0 0.0811224 -0.495372 0.440542 0.0690484 -0.684786 -0.893616 -0.686584 -0.262543
0 0.932666 0.162925 0.346238 0.0933419 0.786138 -0.0744471 -0.11604 -0.781957
0 0.366807 -0.047385 -2.15462 -0.122662 -0.607393 -0.194807 0.65972 -0.23415
0 -0.575103 1.68506 -1.09253 0.0178538 -0.247529 1.01965 0.791489 0.171799
0 -0.0397927 -0.175402 0.303674 0.680903 -0.186398 -0.00957921 0.92524 0.565539
0 -0.764479 -0.577639 0.83773 0.545896 0.244276 0.148215 -0.686792 -0.739299
0 0.475881 0.999931 0.75272 0.826014 -0.0847891 -0.265355 0.65438 -0.619194
0 0.737714 0.374533 -0.681176 -3.11154 0.266762 -0.151416 -0.637223 1.13523
0 -0.167862 0.511789 -0.843522 0.653685 -0.0350379 -1.63612 -0.907524 0.126696
0 -0.868645 -0.22441 0.313694 0.203126 -0.523816 0.744661 0.0112178 0.433924
0 0.15897 0.819495 1.08839 0.00526303 0.18836 1.08528 -0.369921 0.194502
0 0.526208 -0.92267 0.525925 1.10487 0.514681 0.336036 1.20366 2.26359
0 -0.797356 1.5363 1.25217 0.816803 0.559692 -0.174023 -0.680911 0.0783085
0 -0.487529 -0.259844 -0.240549 0.319756 -0.616552 -0.21772 -0.592634 -0.108473
0 -0.159748 0.543957 -0.143396 0.523969 -0.644937 0.628722 0.0456321 -0.410364
0 0.188951 0.973374 -0.558123 0.153992 -0.481843 -0.441926 -0.696059 -0.334265
0 0.484626 -0.965666 -0.237525 -1.54273 -1.39098 -0.734929 0.237525 -1.72752
0 0.251546 -0.146683 0.324986 1.41325 0.586621 -0.413145 -0.81276 -0.45417
0 0.798013 0.498663 -0.17737 -1.09595 -0.184191 0.0735034 -1.58805 0.374847
0 0.738429 -1.30797 0.740052 1.56878 -0.233753 -0.374342 0.529796 -0.174038
0 3.78744 -2.3528 -3.75557 -2.4706 4.53879 0.5018 -2.15077 0.345791
0 1.44814 -0.888642 -0.355104 -0.57579 0.396915 -0.318557 -0.0915343 -0.574815
0 -0.0582572 0.0972613 0.698544 -0.552549 -0.0132024 -0.260943 -0.171013 1.1205
0 0.227691 0.194826 1.14037 0.379967 -0.991533 0.969163 0.678632 -0.0094354
0 -0.599934 -0.788509 0.558471 0.0273739 0.841653 1.30503 -0.803906 0.164761
0 -0.00637088 -0.149718 0.302129 -0.15977 1.22498 0.160075 -0.418726 0.264465
0 -0.94388 0.0114296 -0.0498278 -0.275681 -1.49579 -0.588537 -0.199662 -0.677402
0 -0.725331 0.668044 -0.175051 -0.904304 0.444767 -0.505019 -0.155627 -0.515453
0 1.99532 -0.235318 -0.699759 0.653702 0.598488 1.30034 -0.49334 -0.664811
0 -0.232936 -0.34145 1.34406 0.52626 0.276252 -0.888645 -1.04535 0.690735
0 1.05577 -1.5992 0.760322 -2.05607 0.139679 -1.32818 -1.71762 0.222386
0 -1.44572 -0.159347 0.0274384 -0.587585 1.75812 0.986467 2.01054 -1.6266
0 0.156572 -1.37916 0.478575 -0.276746 -0.406882 -0.291141 -0.381152 0.85985
0 -0.305394 0.104321 0.172136 -1.08121 -0.334395 0.165632 -0.215925 -0.177113
0 0.405009 0.271022 0.115869 0.50996 -0.011293 0.793326 -1.19113 0.699419
0 -0.173388 -0.395164 -0.149159 -0.025942 0.283284 -0.748047 -0.717373 0.640466
0 0.296499 1.12114 -1.26143 -0.572303 -0.422285 -0.818097 0.338667 -0.306666
0 0.698863 -0.398396 0.582915 -1.05382 -0.989722 -0.079796 -0.336418 -0.464586
0 -0.277761 -0.502995 -0.412116 -1.0566 0.343855 -0.147446 1.0505 -0.0276774
0 0.510601 -1.2828 -1.3084 0.188553 -0.288134 -0.554674 1.1256 -1.5966
0 0.474469 0.194516 -0.433983 0.231375 0.220761 -0.057381 -0.326307 -0.0176875
0 -0.879226 0.157726 0.872554 1.55417 -1.67859 0.188732 2.05592 0.445424
0 0.107665 -0.884191 -0.945982 -0.25446 0.188237 0.294776 -0.208934 0.493971
0 -1.44438 -0.0783023 -0.419326 1.37583 1.72027 -0.232689 -0.297333 -0.616936
0 -0.043077 -0.1744 0.0442255 0.0744434 0.422458 -1.69624 1.82428 -0.678755
0 0.581941 -0.792636 0.339927 -0.0263277 0.285693 0.225568 0.763213 -0.112163
0 -1.24747 -0.999894 -1.02646 0.599299 0.104144 1.38627 -0.719698 0.233696
0 -1.98437 -0.311844 0.757443 0.200342 -1.17212 -1.57556 0.58075 -0.329304
0 -0.497575 0.859611 -1.47025 -0.929696 0.264112 -0.712793 0.275196 -1.53656
0 0.582233 1.10412 0.163056 0.14561 -0.757896 0.70209 -0.216999 0.484636
0 0.690896 0.86481 -0.725505 -1.29626 -0.484882 1.24483 1.23069 0.162089
0 1.2893 -0.93104 -0.928928 0.571467 -0.857403 -0.787067 0.799231 -0.311624
0 -0.273735 -0.667483 0.421829 -0.0109586 -0.686418 0.368685 0.212427 -0.894145
0 0.263498 0.328003 -0.655736 -0.455588 0.802294 -0.124015 0.247963 0.388652
0 -1.31835 -0.958489 0.0797996 1.4643 0.727733 -1.20566 -1.20529 1.03909
0 0.36197 0.224138 -0.858671 0.0848333 -0.115158 0.00680864 1.17864 0.72518
0 0.0488651 -0.00403018 -0.254152 -0.607379 -1.21596 0.122896 0.28646 -0.0887216
0 0.587423 -0.0965721 -0.515311 -0.37029 0.781979 0.692539 1.86258 0.12247
0 0.56019 1.43495 1.28907 0.267473 0.213208 0.404816 -0.112258 -1.87855
0 -0.282578 -0.662021 0.475525 -0.281672 -1.26261 -0.641422 0.803736 1.76853
0 0.115943 -0.427711 -0.209877 0.194552 -1.00014 0.866674 0.227718 1.09357
0 0.288786 0.599033 -0.454329 -0.454332 0.260251 1.40296 -0.501096 -0.705863
0 1.79007 0.522491 1.64218 0.129109 -0.731387 -0.649539 -0.117666 0.308884
0 -0.24464 1.53433 -0.0955144 0.997461 -1.11636 -1.81642 0.258397 -0.37501
0 -0.665667 0.754548 0.103221 -0.798976 -0.26139 0.265929 0.966612 -0.262778
0 -0.427434 0.344308 -0.0153999 1.6012 -0.962289 -0.250014 -0.196696 -0.441824
0 0.337953 -0.42352 -0.339513 -0.565396 -1.15095 -0.715378 -1.21454 0.442891
0 -1.3676 -0.304777 -0.0494489 -0.953511 0.362402 0.609902 -0.738529 -0.0713445
0 -0.200801 0.619281 -1.56125 0.970594 1.01295 -0.683695 0.688184 -0.424509
0 -0.743392 0.348076 0.766373 2.33433 0.360308 -0.9345 0.403961 -0.139207
0 0.433699 1.17488 0.12379 -0.438337 0.478485 -0.956275 -0.0766887 1.58944
0 -0.546045 0.569537 0.691835 -0.155544 0.0862463 -0.251458 0.105027 0.00624659
0 -1.00082 0.170983 -0.119139 -0.120169 0.594748 -0.77863 0.400609 -0.264205
0 -0.0337729 -1.07163 -0.699619 0.121134 -1.18843 0.92483 -0.717087 -0.627612
0 -0.121756 0.608967 -0.517468 -0.324085 1.31593 0.0817748 0.830927 -1.11346
0 0.79085 -1.24253 0.737243 -1.62966 -0.666693 -0.839873 0.934527 -0.963292
0 0.352221 1.60167 0.0653443 -0.223363 0.278219 0.418534 -0.82568 -0.0902987
0 0.700548 -0.816972 0.346819 0.680039 -1.11179 -0.612008 -1.40289 0.384294
0 -0.960179 0.156621 1.21142 -0.036402 0.0511043 -0.364539 0.861835 1.10991
0 1.50038 -0.0415605 0.277168 -0.440424 -1.62458 -0.17727 -0.234791 0.637039
0 0.306428 0.24815 0.665945 1.33954 0.947964 0.315252 -0.368706 0.58987
0 0.103614 -0.253151 -1.01999 -0.560217 -0.402329 -0.0347881 0.095045 -0.861837
0 -0.357194 0.773546 -1.53516 0.0237238 0.818742 -0.37587 -0.569143 -1.29772
0 -0.222511 0.854296 -0.011538 0.136044 0.228488 0.602185 1.43186 0.271013
0 1.36879 0.3895 -0.446373 0.214359 -0.421303 0.741895 -0.270065 0.397471
0 1.03315 -1.01769 -0.41269 -0.327311 0.681991 1.08972 -0.465853 0.251772
0 -0.494329 -0.347066 0.501544 0.38507 0.562908 -1.44438 1.20684 0.584586
0 -0.109803 0.773283 -0.140001 -0.978779 0.603278 0.557492 0.026226 -0.00572025
0 -0.0165036 1.62428 1.01836 -0.943717 -0.688129 -0.423441 -0.651288 -0.0167034
0 -1.00034 0.187067 -0.187449 -0.574755 0.00850408 0.123198 0.700289 0.926871
0 1.08155 0.794937 0.785846 -0.42175 0.403248 0.054355 -0.468538 -0.0610179
0 0.115503 -0.684894 0.127072 1.14484 -0.871546 1.26492 0.110403 0.0580416
0 -1.20185 0.789441 0.227612 0.436629 -0.474648 0.342098 -1.34171 -0.242924
0 -1.27914 -0.238299 0.531222 0.0186667 0.826507 -1.07166 -0.399593 -1.17726
0 -0.169081 -1.33057 0.0345392 -0.410133 0.14094 -0.145643 -0.322715 -1.5367
0 0.203725 -1.59655 1.03514 0.216606 0.0588084 0.200021 0.0461743 -0.273617
0 -0.813367 -0.54234 0.299957 -0.680656 1.37287 -0.678716 0.404296 0.204784
0 -0.16649 1.11304 -0.23462 -0.583127 -0.991086 -0.739615 0.0790683 0.548797
0 -1.17348 1.39869 0.269455 -0.462487 -0.325407 -1.09527 0.24318 0.381471
0 0.679882 -0.336187 0.358217 -1.09378 0.51883 0.192226 -0.567649 0.32583
0 -0.0923548 -1.56986 0.186836 -1.42017 0.746714 -0.0759244 -0.164714 -0.540597
0 0.745504 0.623173 0.105568 -0.17781 -0.62682 -0.13849 0.612929 -0.992978
0 -0.954564 -0.564135 0.109348 0.507298 -0.219518 0.00851567 0.380728 -0.352403
0 -0.559906 0.36675 0.927748 -0.952963 0.626632 0.693697 -0.304264 0.39079
0 -0.990417 -0.36541 -0.561981 0.175805 -2.02049 0.791345 0.519529 -1.52443
0 0.960021 -0.534914 0.597477 0.242653 -0.0775874 -0.0320894 -0.678092 0.821434
0 -0.778762 0.581245 -0.314674 0.0978118 1.14184 0.891961 -0.0895003 0.0632997
0 0.56487 -0.0508574 -0.563597 0.878773 -0.815629 -0.154212 -0.933328 -0.093662
0 1.19344 0.632978 -0.115147 0.593925 -0.192635 -1.46217 -0.471595 -0.459216
0 0.388377 -0.102847 0.502696 0.280261 -0.591727 0.186355 -0.293582 -0.263043
0 -0.77943 0.384559 -0.296993 -0.351109 0.0537867 0.517071 -0.771072 -1.01644
0 0.173003 0.547119 0.736235 0.0758314 -0.0951812 -0.0733917 -1.29024 -0.716011
0 0.0875055 0.627048 0.257398 0.672724 -1.37302 0.186546 1.09991 -0.0650477
0 -1.21158 -1.2533 -0.0523807 0.372665 -0.328188 -0.0846605 -0.640872 0.334076
0 0.909983 -0.181851 -0.163473 0.440197 0.608387 0.994577 1.24661 -1.05655
0 0.0606425 -0.138491 -0.0380139 -0.712297 -0.77035 -1.11345 0.528734 -0.0660199
0 -0.936756 0.716354 1.50224 -0.179476 -0.863631 -0.19895 0.708657 -0.158104
0 -1.10178 -0.477245 -1.76852 -1.11353 -0.715312 0.354951 0.343081 -0.187636
0 -0.354899 0.701086 -0.851801 -0.93277 -0.888771 0.466984 -0.64667 0.170566
0 0.40074 0.47515 -0.135089 -0.270021 -0.435833 -0.819925 -0.662201 -1.39554
0 1.31631 0.123847 0.485157 -0.0402808 0.391786 1.43383 0.551917 0.853973
0 0.810155 -0.835385 -0.723857 -0.544282 -0.132833 1.34194 0.997625 0.220194
0 0.328981 -0.618724 0.695168 -0.823885 1.23828 -0.143046 -0.631108 1.92178
0 -1.45672 0.13309 -0.186241 0.160912 -0.0162296 0.98227 0.338053 -0.295967
0 0.687051 -0.156058 -0.0477099 -0.196121 0.62587 0.00702133 0.503806 0.830406
0 0.935113 -0.0467779 0.356153 -0.702858 1.66991 0.787188 0.104375 0.197507
0 0.837165 -0.382992 0.328161 0.034961 1.0871 -0.538371 -1.08559 -0.0542222
0 -0.946468 0.473075 0.851593 -0.244485 -0.797478 1.07274 -0.152206 -0.285758
0 -0.0398309 0.697166 0.554639 0.262033 0.528215 0.311027 -0.0585818 1.03902
0 -0.715835 0.212897 -0.317675 0.853913 -0.0168192 -0.941897 -0.316131 -1.01341
0 -0.2939 -0.0594508 -0.598567 0.47958 -0.0739569 0.040314 0.608792 -0.544974
0 -1.28564 -0.287396 -0.371388 0.728249 -0.388404 -0.220031 0.326195 0.583159
0 -0.147383 -0.32294 0.220703 0.62755 -0.610167 0.28586 0.914398 -2.42015
0 -0.472236 -0.504264 -0.949058 -0.0586783 -0.880384 -0.381085 -0.0123507 0.0201623
0 0.169558 -0.242433 -1.1982 -0.950532 -0.0390348 1.19813 -0.921003 0.0162485
0 -0.305701 0.563668 0.392518 -0.125165 -0.486875 0.0770239 -0.670511 0.196519
0 0.0264192 0.580514 0.763099 0.282212 -1.37676 -0.0110824 -0.719387 -1.56498
0 -0.850686 1.58272 1.10123 0.872789 -0.31194 0.169455 0.862272 0.710818
0 -0.433184 0.283164 -0.914843 0.500607 0.336326 0.218599 -0.749384 0.141664
0 1.50661 0.811395 0.00393252 -0.16331 0.954078 -0.845932 0.864293 0.00417074
0 -1.3607 0.327129 0.700574 0.835342 -0.0652954 0.790709 0.115113 -0.855214
0 -0.53821 -0.31625 -0.751534 0.407202 0.552933 0.931395 0.77466 0.0812741
0 0.721538 1.04968 1.01356 -0.344214 0.668444 -0.721986 0.677831 -0.22147
0 -0.88674 0.0191015 0.276424 0.969004 -0.12098 -0.49554 1.13031 -0.969582
0 0.686194 -0.363664 0.073779 -0.498026 -0.236659 -0.211146 0.0555414 0.0681065
0 -0.211074 -0.542556 -0.422319 -0.166943 0.266419 -0.867007 0.222543 -0.908271
0 0.470241 0.659108 -0.769019 0.146228 -0.645008 -0.128308 -0.215697 0.590331
0 -0.0793417 -0.139617 -0.278312 0.9224 1.45438 1.20072 0.0224939 -1.16349
0 -0.057203 -0.620127 0.318954 0.0667592 -0.112851 1.07912 -0.444739 -0.29607
0 0.881315 -0.259086 -1.10474 -0.505793 -0.942042 0.633825 -0.0224598 0.167826
0 -0.358282 -0.0369202 0.415329 0.524739 1.1414 -1.39997 -1.41021 -1.04377
0 0.345257 0.029067 0.448253 -0.702186 0.361514 -0.842804 0.289646 -0.840382
0 0.343261 -0.320401 -0.183847 -0.421364 0.396505 0.529089 0.102904 -0.717665
0 -0.344431 -2.47223 2.05235 -0.782883 -1.41004 0.300654 0.457137 -1.9034
0 -0.820158 1.17917 -0.49143 1.79968 -0.650604 0.865524 -1.15197 1.28162
0 -0.323297 -0.451368 -1.40067 1.34018 -0.381929 0.555164 0.116516 0.653593
0 0.198665 -0.525668 0.475927 -1.40506 -0.359549 2.28947 -0.475804 1.35863
0 0.677134 0.584191 -0.887039 -0.585722 0.909125 -0.411555 -0.791029 -0.173094
0 -0.142471 -1.34683 -2.17765 0.3898 1.45785 -0.522171 -1.01584 -0.851037
0 1.38778 0.810185 -0.178332 0.315915 0.693317 0.0375503 -0.305965 0.779601
0 -1.18818 0.91415 -0.633798 -0.023981 1.20433 0.646415 -0.464331 0.682414
0 -0.595604 -0.762545 0.736467 -0.15463 -0.199788 0.894167 0.77567 -0.000803923
0 0.00252505 0.615198 2.21206 -0.121261 1.00455 0.155113 -0.695477 0.0986073
0 1.33988 -1.03734 1.22791 -0.380899 0.768531 0.500861 -1.07101 -0.947768
0 1.70442 -0.401069 -0.262241 0.743098 -0.416138 -1.09095 0.0158509 0.893405
0 -0.00692173 -0.362935 1.45974 0.0930397 -0.199759 -1.11574 0.0670541 -0.332412
0 1.05253 -0.543093 -0.905922 0.526764 0.942801 -0.293123 0.690462 -0.184257
0 -0.797882 -0.246708 -0.760433 -0.682594 0.463984 -0.584171 -1.72372 0.569771
0 1.30807 1.72636 -1.26681 1.40396 -0.324077 0.080979 0.0497082 -0.160658
0 0.355 -1.98496 1.66781 -0.554862 -0.990044 0.580051 1.57842 -0.831167
0 -1.28222 -0.387109 0.63611 -0.776496 0.699591 -0.236756 0.878543 -0.881354
0 0.0209749 -1.18015 0.670904 -0.537682 0.783568 -0.0161825 0.482023 0.847753
0 -1.02323 -0.688354 -1.25255 0.459152 0.310575 0.266945 -0.222761 -1.22228
0 0.116444 1.06305 -0.470632 -0.568427 0.840433 -1.13956 0.435482 -1.4596
0 -0.55155 0.618152 0.137418 1.06304 -0.494083 1.30877 0.489587 0.604308
