0 -0.271908 -2.80199 -0.321386 1.11483 -0.0513399 -0.39954 0.414351 -1.20064
0 -1.17154 0.200929 0.049094 -0.400763 0.169482 -0.310211 -2.12297 -2.09106
0 -0.475088 0.089292 0.389913 -0.881978 1.28354 0.341753 -0.0484181 0.667216
0 -0.571407 -0.536942 -0.148352 0.144778 0.315729 -1.35444 0.551504 1.24986
0 0.342827 0.918706 1.4822 1.97473 0.654425 0.389747 0.423814 0.269842
0 -1.26168 -0.00882003 0.583138 -0.324518 0.997382 0.671129 0.83999 0.798779
0 1.28617 -1.37389 -0.979228 0.996832 0.317516 -1.02857 -0.464213 1.15427
0 0.313818 0.38865 -0.886408 0.318842 -0.699282 -0.637698 1.638 1.08789
0 -2.3299 0.216327 0.062758 0.357138 -1.59109 0.267034 -0.708874 -0.787418
0 0.461139 0.639876 1.18166 0.859772 -0.517007 0.374376 0.780455 -0.960845
0 -1.03294 -0.440279 -0.073038 -1.03032 -0.875451 1.47836 -1.15133 -0.795941
0 -0.527776 -0.28884 0.833273 -0.552378 -1.85901 -1.40675 -1.1971 -1.36423
0 -0.187774 -1.66143 0.327938 0.168362 0.441402 -0.695663 1.00854 0.382402
0 -0.90785 0.0325099 0.214639 -0.779662 -0.664807 -0.0464579 0.0525401 1.03376
0 0.508214 -1.45475 0.977465 0.280573 0.412686 0.259427 -0.189026 0.409635
0 0.58787 1.43563 -0.276914 1.19602 0.404437 -0.42909 -0.775845 -0.0495507
0 0.23868 -0.698786 0.709662 -1.05386 0.0952656 0.15167 0.753495 0.756529
0 1.07482 1.57469 0.872651 0.613433 -0.273284 0.245684 -1.14584 -1.79467
0 0.270777 0.519086 -0.0303194 -0.982461 -0.374973 1.15866 -0.187214 0.0203513
0 0.387476 1.27429 -2.69338 0.219504 2.06401 0.797626 -0.823226 1.58137
0 -0.0557013 -0.665857 -1.13166 -0.207041 0.125882 0.0369338 0.290503 2.17892
0 0.324237 0.427756 0.24011 0.433829 0.243566 0.805177 0.0799505 -0.88806
0 0.714158 0.0568077 -0.0718686 -0.583616 1.54133 0.277501 -0.611619 -0.920914
0 -0.204716 0.517443 -0.722408 0.143488 -0.101782 -0.0337033 -1.01177 0.566697
0 -1.06561 0.128228 -0.569786 0.111918 -1.58609 0.626866 -0.603814 0.778644
0 -0.0290161 -1.30834 0.0552439 -0.278596 1.99719 -1.02784 -1.00956 0.601673
0 -0.617288 -0.636395 1.61982 0.391048 0.372856 0.880638 -1.34133 0.158337
0 0.0286474 0.772411 0.795517 -1.28561 -0.587885 -0.566526 1.1077 0.510716
0 -1.09118 0.343059 1.36994 0.226131 -0.296522 -0.264768 -0.504839 -0.444545
0 0.287158 0.912134 -0.307274 0.249191 1.88713 0.104131 0.079629 -1.49684
0 -0.280507 0.463471 0.162137 -0.905644 0.563223 1.21169 1.09351 -0.635229
0 -1.047 0.88704 -0.0403495 -0.385401 1.00091 0.86591 0.156382 -0.553664
0 0.242287 -0.723528 -1.3344 -2.15384 -0.141471 -0.248714 -0.410242 0.769706
0 1.8422 -0.589983 0.672386 -0.971057 -1.95624 0.240251 0.353292 0.764555
0 0.725528 -0.920795 1.17246 1.0568 0.50871 0.122435 0.91187 1.60974
0 0.747429 -0.437644 -0.600868 -0.354311 -0.130881 0.662871 1.40868 1.4779
0 -0.253832 -0.804058 1.22551 -0.518922 0.464523 -1.00759 -0.256671 0.318856
0 -1.07195 -0.00315962 0.319299 1.04534 -0.325912 1.13688 -1.15139 -0.0867885
0 -0.604728 -0.80389 0.170866 1.12823 -0.905399 0.0752208 1.7495 0.79603
0 0.114572 -0.195704 -0.379501 0.130127 -0.684177 -1.80032 -0.359701 0.364359
0 0.941905 -0.833865 -1.23087 0.5714 0.860718 -0.2669 1.19946 0.0354632
0 1.31446 -0.219877 1.29685 0.376177 0.402309 1.17488 -0.309283 0.636781
0 0.180611 -0.923048 1.20476 0.135335 -0.908813 0.452659 0.192887 -0.979362
0 -0.259848 -0.545047 -0.604069 0.0680214 0.996551 0.805691 -1.23704 0.0141661
0 0.221662 0.135338 1.0493 -2.23962 0.261603 0.184204 -0.753125 1.35841
0 -0.578828 1.04064 -0.00419072 1.37754 -0.584754 -1.13285 0.965556 0.560406
0 0.231711 -0.433461 -0.791252 1.50622 -0.635089 1.39819 -0.462549 1.37962
0 0.653463 -0.0291079 -1.71015 0.848137 0.849905 1.38399 0.470286 1.34566
0 0.408752 1.58632 1.41362 -0.0212423 -0.0533884 -0.195493 0.195438 -0.18773
0 -1.13818 -0.6274 0.738442 -0.989554 -0.661806 0.922687 0.817889 0.317617
0 -0.961398 -1.53962 0.125764 -1.09441 -0.334076 -1.25987 -1.13988 -0.118588
0 0.725781 -1.0078 -1.09562 -0.236691 0.0834422 0.700482 -0.330846 0.0164652
0 0.614799 -0.508724 0.150303 0.155034 0.677585 -0.454976 0.507176 -1.28584
0 0.24868 -0.542876 -0.0108963 1.33767 0.768234 1.39196 0.0986809 -0.605469
0 0.352938 -0.405684 0.485589 -0.765757 -1.18571 0.648913 -1.04438 0.443601
0 0.556846 -0.09187 -0.00907995 1.5247 -0.0130045 0.173327 -0.796306 -0.363516
0 0.297095 -0.78735 1.64073 0.0807233 0.0959266 0.250224 1.23853 0.108889
0 -1.792 -0.25068 -0.382462 -0.637761 -0.876806 -0.328723 -1.03879 0.394252
0 -1.09483 0.333805 0.163176 -0.963219 0.764083 -0.481681 1.67261 -0.259522
0 -0.328149 0.446554 -0.0590556 -0.385651 0.729334 0.383245 0.298682 2.09448
0 1.28125 -0.174715 0.0719201 0.103592 1.44996 -0.219318 0.324744 1.31033
0 0.671056 0.567608 -1.23443 2.19354 -1.01228 0.167159 0.112063 0.0719291
0 0.239113 1.50183 0.840102 0.0965626 -1.64172 0.492196 -0.169668 0.712685
0 0.624509 0.273087 0.560466 -0.747207 1.63007 -0.846009 -0.406209 0.771761
0 -0.483221 -0.13966 0.240987 0.513798 -2.79307 0.502569 0.747693 -0.298495
0 -0.152054 0.183351 -0.541111 1.21716 -0.189872 0.731048 0.658444 -2.02841
0 -0.719478 0.0467078 -0.842808 -1.29074 -0.664009 -0.146983 0.553803 -1.83033
0 -0.53326 -0.0318806 0.286664 -0.0118523 0.313382 -0.466473 0.338273 -0.0440788
0 -1.84176 -0.218258 1.06037 -1.00955 0.556277 0.650362 0.17152 -0.393064
0 -1.36937 0.751222 0.817881 -0.333056 -0.903394 0.48751 -0.0208686 0.0430299
0 -0.76752 -0.759939 1.29979 0.52566 1.16034 -0.325842 0.00790694 0.864002
0 -0.961863 -0.28428 0.370066 0.516761 1.27216 -0.435283 -1.00128 -0.815394
0 0.713156 1.15177 0.0960675 0.428217 0.45538 1.01955 -0.908321 -0.13861
0 0.143479 -0.16667 -0.160216 -0.37059 -0.278014 -1.97583 1.85231 -0.413724
0 2.26265 -0.777157 1.0835 -1.02203 0.908129 -3.25695 -0.949241 -2.07854
0 0.0493477 0.278995 -0.29156 1.74996 1.12457 0.741943 0.138583 0.864904
0 -0.573104 0.534641 -0.522981 -0.116526 -2.0508 -0.398851 -3.76872 -1.67173
0 -0.746536 0.128849 -0.692435 -1.32419 0.0584424 -1.33278 -0.0209304 -0.191637
0 -1.44935 0.384356 0.0010908 0.912538 0.976463 1.80203 0.00152132 1.66271
0 2.47072 2.74989 1.46663 0.354428 0.643353 -0.61128 0.855693 0.954605
0 -0.219994 -0.481474 -1.00159 -1.3025 0.566963 -0.946534 1.52528 -0.586373
0 -0.597423 -1.14038 -1.01628 1.09134 0.375357 0.365747 0.46621 -0.933998
0 -0.335575 0.98369 -0.190169 1.31686 0.237198 0.141944 0.919858 0.144333
0 0.338341 0.0532302 -0.251204 0.611508 -1.29835 0.304355 -1.81708 -1.49589
0 -1.41022 -0.912841 0.3571 0.565673 0.465588 -1.48786 -0.401933 -1.02654
0 2.47485 -1.46436 -1.53581 -0.609987 0.673498 -0.805575 -0.748055 -1.3523
0 0.681656 -0.282293 -1.01479 0.219581 1.87966 -0.930051 1.06603 -1.11283
0 0.473522 -0.797484 -0.161167 -0.594225 -0.863482 0.383489 1.15913 -1.04343
0 0.0743112 -0.101319 -0.460726 -1.62326 0.571455 -1.58424 0.0587029 -1.44054
0 1.35021 1.4491 -1.20204 0.609323 0.0470257 0.689278 -0.719353 -0.238547
0 0.730667 0.36057 1.766 -0.173319 0.719615 -0.483775 0.74253 0.355844
0 -0.0173805 -0.259256 -0.361244 0.473177 -0.201304 0.618043 0.19572 0.549121
0 0.186438 -0.783038 -1.41047 -0.0228876 0.749163 -0.665792 -0.370173 -0.657724
0 0.212325 0.269923 -1.46146 -0.292549 0.673515 1.21562 0.351694 -0.687455
0 0.975293 -3.20999 -1.67527 1.01561 -0.599563 1.41905 -1.79383 0.505213
0 -1.33638 -2.31601 0.0403734 -0.799143 -0.404651 -0.287369 0.696085 0.455541
0 -0.0733458 -1.23722 0.270633 0.607787 -0.818083 -0.27676 0.978309 -0.392054
0 1.0759 -1.1455 -0.672063 1.25374 0.542092 -1.15901 -0.845348 -0.690288
0 -0.511944 0.300379 0.592958 0.443228 1.69047 -1.47284 0.201768 -0.381103
0 1.45874 0.562388 -0.131405 -0.0999119 0.931035 1.22569 0.366972 -0.455274
0 1.59244 -0.034742 -0.379566 -0.920325 0.322713 0.525004 0.143806 0.401259
0 0.640519 -0.8492 0.517603 0.436243 -0.0196097 1.15655 -0.883684 -1.43441
0 1.92925 -0.360022 -0.305846 0.628592 -0.401602 0.720279 -0.25361 0.965721
0 -0.0806752 -0.0715746 0.726587 0.955284 0.69152 1.18377 1.00463 0.676654
0 0.210056 -0.970573 -0.151828 0.150829 1.3596 0.100972 0.192073 -0.0417136
0 0.899929 -1.80936 -1.77719 -0.157691 -2.09191 1.50393 -1.2107 -0.540907
0 0.642778 0.66653 -0.62355 -0.894706 0.186694 -1.03408 0.628053 0.647736
0 0.316367 -0.96316 -0.432301 -0.274866 -1.10266 -0.651406 -1.42023 0.132288
0 1.82298 1.72161 0.0512764 -0.585593 -0.701118 -0.465038 -0.097984 -0.52594
0 0.538668 0.68713 -1.97185 -0.928687 -0.252679 -0.486931 0.489818 1.98718
0 0.863416 -0.477379 0.50636 1.18108 -1.06475 -0.771156 0.834275 -0.908421
0 0.93113 0.302518 -0.716597 0.196537 1.10117 0.554483 1.96167 -0.974712
0 1.23372 0.178227 2.64937 0.622979 0.460098 -0.34515 -0.79689 0.0525422
0 0.410046 1.12512 -0.442278 0.609415 -1.1141 1.51698 -0.724451 0.338929
0 -1.79785 0.0401368 0.27156 0.981485 -0.625572 -0.062213 1.05539 0.140192
0 -0.726279 0.135452 -1.0865 -0.348031 1.43367 0.839564 0.911924 0.479531
0 -0.113739 -0.358992 -0.910695 0.418294 -0.311646 0.57598 1.14149 -0.505795
0 0.384917 -0.00152227 -0.000330681 0.1007 2.32895 1.52642 -0.232857 0.453308
0 -0.325323 0.305332 0.249003 0.219479 -1.14836 -0.713087 -1.18362 0.13312
0 -0.109092 -1.08562 -1.33365 1.19547 -0.566662 -0.0623602 0.668185 0.8067
0 -0.610803 0.321668 -0.0388292 1.44047 0.431916 -0.35035 -0.333202 -0.424896
0 -0.058518 2.06777 -2.72346 -0.376093 0.376195 0.57607 -0.404735 -0.670658
0 1.18759 -0.86036 0.298717 1.47461 1.03032 0.299175 0.700305 -1.00716
0 0.812194 -1.92652 -0.128286 0.28722 -0.164873 0.269165 0.765175 0.636248
0 -0.333252 0.767933 1.39399 -0.572507 -0.037787 -1.10784 0.31606 -1.53067
0 -0.615435 0.297917 0.310765 1.23494 -1.11417 -0.49695 0.101946 -0.671679
0 0.416131 -2.531 -1.38628 -1.06957 -0.793323 0.238012 0.0166244 1.86765
0 2.90634 -0.74471 0.695282 0.545057 -1.60925 1.87709 -0.117518 2.28412
0 0.62727 0.661756 -0.165667 -0.778342 -1.3236 -0.150195 0.0173859 -1.1575
0 -0.605996 0.0502289 -0.353725 0.628916 0.326175 -0.564623 1.27744 -0.732507
0 -0.506381 -0.067326 1.19228 0.989276 -1.56924 -1.42009 0.323438 0.971565
0 -2.07797 -1.86307 -0.745292 -0.908223 -0.187385 -0.517243 0.5042 -1.88086
0 -0.510552 0.459602 0.485302 -0.00966918 0.0440827 2.16232 -0.101356 0.139529
0 0.945538 -0.364647 -1.20023 -0.315089 -1.58717 -0.101577 -0.526493 0.153143
0 0.457901 1.47872 -0.886387 -0.906 0.736171 0.477787 -0.339431 0.55048
0 0.851821 1.10899 0.0508417 -0.495862 -1.17598 0.505853 0.630555 1.11055
0 -1.18859 0.274201 -1.09661 0.834582 0.906062 -0.741272 -1.55288 0.545255
0 0.293266 1.37428 -0.99559 0.119622 0.642778 -1.06636 -0.203816 -0.540892
0 -2.29619 0.964038 -2.38988 -0.509961 -1.05794 -0.131341 -0.0532292 1.67579
0 1.57145 0.570546 -0.72202 0.0488643 0.0625855 -0.575411 -0.435055 0.0641493
0 0.350285 0.509058 0.400479 0.217654 -0.258723 -1.31541 -0.37585 -0.973408
0 1.0998 -0.725484 -1.17156 -1.2996 -1.11121 1.75236 0.227527 0.860949
0 -0.361972 -0.936032 -1.29157 -0.0575093 0.0769565 1.14511 -1.14211 -0.802725
0 0.344898 0.175835 1.35683 1.33817 -0.483987 -0.752674 -0.615195 -0.71448
0 -1.56421 -1.75395 -0.669555 1.17578 -1.17444 0.707214 0.820916 -1.87441
0 0.0286039 -0.432271 -1.03641 -1.60212 -0.373439 0.558864 0.74442 -0.503383
0 -0.517936 0.260393 -0.400007 0.0793509 1.0578 -0.479839 -0.169341 -0.457172
0 -0.48335 -0.845759 -1.82903 1.05567 -0.805554 0.331095 -1.4604 0.204087
0 1.18409 -1.44848 -1.34845 1.10667 -0.661379 0.16064 0.524409 -1.29393
0 0.225429 1.73263 -0.879543 1.0793 0.760095 0.283297 -0.241125 1.69767
0 -0.318445 0.169008 -1.2981 0.944445 -0.312019 -0.635395 0.0388287 1.72216
0 1.8074 0.604759 -0.275107 -1.87007 -0.415056 -0.862678 1.24638 -0.0129657
0 0.298289 0.209676 0.231773 -0.78461 0.0845718 -0.0428578 -0.707033 -1.8065
0 0.695802 0.762986 0.862333 0.497435 -1.93302 0.484684 1.76777 -0.333326
0 -0.882179 -0.672966 -0.818005 -0.773667 -0.21934 1.38414 -0.587522 0.581108
0 0.935703 -0.176888 -0.381458 -0.938286 0.0527491 -0.528748 -0.815719 -0.563282
0 -0.736896 -2.24771 1.89492 -0.00866886 -0.050841 -0.622565 -0.353791 -0.444227
0 0.0446836 0.0153771 -1.15458 0.526872 0.399722 0.0836582 0.248444 0.214825
0 -0.599876 1.88366 0.24505 0.109516 -0.269015 -0.702844 0.333926 0.705024
0 -0.505212 0.742988 0.355286 1.32711 -0.252303 0.403122 -0.410414 0.940608
0 -0.903965 0.630242 -1.34613 1.27338 -0.295827 0.71203 -1.88123 -0.417304
0 1.04027 0.51045 -0.836991 1.22358 -1.07161 -1.0133 -0.469369 0.0681159
0 1.37119 0.619678 -0.00456576 0.856686 -0.753402 0.58906 0.409107 0.0104755
0 0.683547 -0.466105 0.0520233 0.0480064 0.895571 -0.351661 -1.30579 0.51787
0 0.786517 1.44595 0.0350646 -1.97886 0.70763 -0.705859 -0.323649 -0.205335
0 0.159386 -0.384128 -0.958551 1.50385 1.1663 0.260867 -0.721255 -0.215208
0 -1.46458 0.358267 -1.05659 0.181873 -1.13978 0.290677 -0.164859 -1.31894
0 1.5476 -0.56404 0.150744 -0.275945 0.773494 -0.871029 1.24286 0.185242
0 0.453599 -0.759573 1.19863 -1.27008 -0.814329 -0.524209 -2.18984 -0.397008
0 -1.5956 0.0127929 -0.309868 -0.804508 0.834906 -0.831486 -1.12084 0.790424
0 0.641588 0.106142 -0.0542762 -0.412536 0.304537 -0.0117064 1.18193 -0.360884
0 0.55346 0.625918 -0.658734 -1.18547 -0.476696 0.961215 1.43763 -0.0331046
0 -0.773927 -0.64436 -0.873053 0.186394 -1.17118 -0.695996 -0.00842574 0.639118
0 -0.899212 -0.705571 0.477645 -0.373804 -1.09096 -1.1499 0.283875 -0.168553
0 2.91524 2.27015 1.6265 -0.671084 0.060271 0.322252 -0.719026 1.07069
0 0.235303 0.128825 -0.789259 -0.43493 -0.975003 -0.157261 0.625317 0.139657
0 0.788696 0.093444 0.71713 -0.197566 -0.457662 -0.392528 0.0792592 0.121871
0 -0.66502 -0.371289 1.44312 1.2699 -0.157784 -0.292712 0.597621 -0.470074
0 -0.891121 0.963328 -0.282513 -0.248141 -0.394945 -0.500292 -0.164176 -0.314998
0 -0.0976711 1.31007 0.723454 -0.0800269 0.0865555 -0.750569 -1.00544 2.04257
0 1.65904 -0.124466 1.36818 -0.438498 -0.798918 0.753153 1.43713 0.186101
0 1.50947 0.601472 -0.708391 0.972761 -0.0148259 -0.528903 0.0427669 -1.7726
0 -0.746859 1.04401 1.20415 0.285397 0.338281 -0.258769 0.962009 0.379257
0 0.349705 0.979128 0.22631 0.00870886 1.42651 0.127012 1.2611 0.0222629
0 1.66488 -0.0500106 0.150387 -2.28375 -0.538456 -0.483006 -0.331622 0.13226
0 0.38742 0.42345 -0.878166 0.613868 -0.837589 -0.738784 0.945106 -0.802151
0 -0.949659 0.62999 -0.67134 -0.181583 -0.169345 0.864034 0.601268 0.525425
0 0.324088 1.0747 0.543098 -0.455318 0.603724 -0.0941376 -0.0392781 -0.773703
0 0.581558 1.07189 0.262782 1.03118 -0.897332 -0.9945 0.265922 0.143263
0 1.0286 -1.35426 -0.680025 -0.611132 -0.466615 -1.20048 0.340877 0.211974
0 1.66758 -1.75399 0.632414 -0.152673 -0.48579 0.0756141 -1.02385 1.42047
0 -0.210513 -1.75596 -0.0527582 -0.454613 0.144991 0.486362 0.528462 -0.286657
0 -0.54287 0.462347 -0.405365 -0.152661 0.0330454 0.0229767 1.54518 1.02808
0 0.244791 0.488583 -1.572 -0.198695 -0.484142 0.254367 -0.613115 -0.978536
0 0.688976 0.0922779 1.15558 -0.438876 0.0380244 -1.04943 -1.3328 0.183881
0 -0.648832 0.222147 -0.766243 1.45425 0.659652 -1.56712 0.558291 -0.0619987
0 -0.727443 -0.128213 0.234482 -1.9275 1.02641 2.93342 -0.590636 -1.30661
0 0.0667613 -0.301114 -1.18543 -0.944982 0.886909 -0.730749 -0.366849 1.03291
0 1.32329 -1.01208 0.406664 -0.505034 0.354409 1.4248 -0.114398 -0.499826
0 -1.08464 -0.958831 0.808762 -0.186459 0.258994 1.03071 -0.176358 -0.186885
0 -1.10452 -1.20167 -0.174211 -1.19535 -0.153586 -1.29331 -0.0651923 0.902136
0 0.397576 -1.28034 -0.119509 -0.648842 -0.340145 0.0410312 -0.494083 0.291503
0 0.190206 -0.734088 0.0568082 1.40129 -1.34978 -0.226279 -0.11814 0.483681
0 -1.5921 -0.622284 0.391117 0.835401 -0.344765 -0.767529 -0.407983 0.377156
0 2.00513 -0.613119 0.578339 0.394838 -1.2059 0.120487 -1.02873 0.378662
0 -0.0486534 0.650734 -0.334528 0.486652 0.543912 -1.2891 -0.148193 1.05718
0 0.00346521 0.92842 1.24158 -0.0335227 1.32062 0.382805 -0.946616 -0.256025
0 -1.05628 1.29583 -0.377144 -1.61299 0.507793 -0.835571 0.51277 -0.614649
0 -0.301749 0.62091 0.13279 -0.424282 -0.0834974 0.944592 -0.59885 1.02381
0 -0.405094 1.11185 -0.623052 0.632869 1.72734 -0.488724 -0.455985 0.865564
0 0.419383 -0.0693496 1.00544 -0.261566 -1.53627 1.25225 0.209643 0.0913791
0 0.7987 0.0531818 1.28803 -0.237181 -0.123188 0.524638 -0.77006 -0.320189
0 -0.656646 -2.23911 -0.830736 -0.0353785 0.620361 -0.0288952 0.280862 0.634852
0 -0.522651 -0.412766 1.80146 -0.166203 -0.853395 -0.58993 -0.665352 0.254006
0 -0.246178 0.970307 0.626452 -0.870284 -1.17491 0.360982 -0.173876 -0.668579
0 -0.0502552 0.266726 -1.87872 -0.680774 -0.813255 0.297159 -0.281276 0.616855
0 0.155152 0.0588611 0.925516 0.502739 0.0277934 0.129461 -0.339846 0.849186
0 -0.854308 -0.131783 -0.0804025 -0.721585 0.409197 0.117451 -1.02221 -0.487014
0 -1.14937 -0.537183 0.235341 0.699554 -0.0793125 -0.791734 -2.07726 0.328549
0 -0.731865 0.0632605 -1.19683 -2.48577 -0.877221 0.333922 0.111012 0.956472
0 1.41972 0.168225 0.804958 -0.44342 -0.265724 -0.975062 -0.0171512 1.41711
0 -0.595378 -1.39645 0.855314 0.401033 1.07791 0.287864 0.538815 -0.253504
0 -1.39356 0.451389 -1.0458 0.7046 0.000107736 0.227304 -0.00352868 -0.0319719
0 -0.0169929 0.500174 0.0836344 0.314751 -0.0210792 0.203481 -1.36221 -0.703671
0 0.00550233 0.987907 0.293936 -0.00104452 -1.50919 0.0100268 -1.28895 -1.43522
0 1.37632 0.667666 -0.861865 0.181101 -1.69882 0.436802 -1.92185 -0.31185
0 0.742293 -0.409853 0.835424 1.31216 0.411151 -0.339556 0.128697 -0.14904
0 0.293266 1.55038 0.812606 -0.905317 -0.228515 0.453467 -1.58215 0.196835
0 -1.12436 2.06432 1.22731 -1.10894 0.752832 0.33307 -0.384283 0.457592
0 0.27459 -1.16108 0.919829 -0.0991561 0.187534 -0.65224 -0.982414 -0.882415
0 -0.581939 -1.12445 0.358321 -0.489205 -0.0937241 -1.0496 0.737214 -1.01178
0 -0.253068 -0.374856 -0.0348874 0.155073 -0.743253 0.401118 -0.344046 -0.555525
0 -0.833768 -0.912238 -0.119909 0.304577 0.368014 0.363338 -0.666724 1.06871
0 -1.09218 -0.425346 -1.09872 -0.415325 -0.306026 -0.260336 0.752895 -0.391163
0 -0.214942 -0.851794 0.303889 1.60611 1.31773 -1.84403 -1.34549 0.15582
0 3.76264 2.58132 -0.661657 -1.27459 -1.12072 1.57866 -0.710009 1.62025
0 -0.292097 -0.431063 0.533361 -2.30948 -1.83578 0.160961 0.136727 0.640379
0 -0.262963 1.0789 -0.748247 -0.0911342 -1.16485 -0.946177 -0.32906 0.977326
0 -0.246448 1.20101 0.129899 0.168419 0.651964 0.349047 -0.508254 0.870597
0 0.0504083 -0.615179 0.870058 -0.820985 0.612375 1.18264 -1.18053 -0.121288
0 -1.30175 1.1424 -0.557676 -0.311527 0.45324 -0.197177 -1.24459 0.243324
0 0.312942 -0.307349 -0.0758443 0.466874 -0.0849127 -0.515907 -0.3676 -0.0107032
0 0.775515 0.73495 1.16104 -1.43999 -0.435149 1.02124 0.639425 -0.89097
0 -0.685744 -0.315068 0.480507 -0.139312 0.204143 1.41575 0.0141109 -1.64183
0 -0.0303677 -0.0555719 -0.0900326 -1.12464 0.269924 -0.187343 0.0876507 -0.137462
0 1.30673 -0.0420432 0.213555 0.778825 0.245065 0.0803787 0.796699 0.382213
0 -0.66553 1.01487 -0.0100503 0.626359 -0.902634 1.31279 0.394613 -0.573193
0 -0.626667 -0.54035 2.47078 -2.65641 -0.764994 0.70634 1.12718 0.0845974
0 0.114392 -0.116835 1.22503 -0.464776 1.17206 1.09799 1.09878 0.171763
0 -1.50948 -0.739994 -0.314899 -0.5683 0.694481 -0.178077 -0.0476699 0.0219247
0 -0.0412907 1.5283 -0.605406 -0.229009 -0.046792 0.360533 0.728339 -0.8359
0 -0.341008 -0.24265 -0.800968 0.417947 -0.124454 -0.611183 -0.645737 -1.67461
0 0.694825 -0.566407 1.43898 -0.643662 -1.00241 -2.41097 -0.76255 0.189443
0 -1.09335 0.144162 -0.0916191 -0.976541 -1.35357 -1.30134 0.940724 -0.510425
0 2.67829 0.435685 1.11721 -0.834707 1.30857 -1.48473 -1.55725 0.352515
0 -0.636589 1.08501 1.8203 0.678594 1.05917 -0.716099 -0.626317 -0.457997
