0 0.327977 0.592725 -0.666614 1.22423 0.243982 -0.164977 -0.332956 0.0209056
0 0.578417 1.79114 -0.839845 -1.7381 0.823628 0.647992 -1.03019 -0.550026
0 -0.0855742 0.724831 0.972263 0.155835 -0.901198 -0.199863 -0.248279 0.731975
0 -0.636247 -1.23312 0.711165 -0.45647 0.863636 -0.213962 0.256219 -0.536485
0 0.805836 -0.324799 -0.241414 1.31983 0.60124 0.365994 -0.556526 -2.13596
0 0.426681 -1.27315 -0.355006 0.410462 0.518798 -1.31083 -0.764058 0.748693
0 -0.574242 0.522298 -0.110162 -1.32592 1.77575 0.862195 -0.0620055 0.667553
0 -0.534299 0.124061 -1.15807 0.0718021 0.375142 -0.609517 0.1007 -0.468202
0 -1.25032 -0.75558 0.171961 -0.813456 -1.84055 -0.633811 -0.155962 0.227772
0 -0.108614 0.630517 0.621347 1.1851 -0.825975 0.116661 0.664957 -0.471689
0 0.404081 -0.113928 -0.395262 -0.0511474 1.31858 -1.01826 0.636129 0.377105
0 -0.431521 -0.602536 1.75007 0.3876 0.466097 -0.740888 0.927882 -0.00412768
0 0.746581 0.847726 0.227486 0.511299 0.368368 0.527551 0.501623 0.0227297
0 0.706243 0.760444 0.404446 -1.41686 -0.800559 0.34127 0.183707 -0.227385
0 0.956302 0.471322 0.221837 -0.158017 1.35286 -0.343304 -0.792789 -0.157315
0 0.295258 0.503156 0.236912 1.02909 -0.862913 1.38644 0.0286167 1.05768
0 0.702726 0.356454 0.186981 -0.0160051 -1.4518 0.815612 0.669682 -1.19955
0 -0.311737 0.763945 0.664684 0.943491 0.0397573 0.202862 -0.521633 0.388124
0 0.369116 0.964971 -1.72737 0.188768 0.220435 0.307047 -0.611633 -0.326478
0 0.392264 0.0434424 1.11286 0.828339 0.0784946 0.854921 -0.359225 0.131321
0 -1.09014 1.11297 -0.185787 0.186986 -0.086864 -0.190857 -0.806006 1.34402
0 0.989867 1.58688 -0.130204 1.24898 0.646975 -1.77847 0.426426 0.153195
0 -0.339899 -0.0716324 1.1276 0.0836544 1.73382 -0.81431 -0.321352 0.176381
0 0.752917 0.415882 0.359791 0.509868 -0.620337 -0.257541 -1.35965 -0.56275
0 0.434212 -1.23652 -0.294545 -0.14492 1.01711 -0.0845637 0.937677 0.810569
0 1.17184 0.879139 0.725662 1.6439 -0.164543 0.0686933 0.297229 1.10469
0 -0.236604 -0.583742 0.430981 -0.234726 0.656351 0.712089 -0.00234784 1.04206
0 -0.279952 -0.639928 -0.433645 -0.443849 -1.11886 0.831952 -0.680255 -0.558673
0 -0.29557 0.712164 1.5169 -0.438241 0.0608057 1.23339 -0.0294766 -0.150157
0 -1.30712 -0.0704334 -0.128622 0.61859 1.3831 0.375025 -0.811089 0.782539
0 -0.84641 0.743681 -0.0294354 0.530857 0.456479 -1.09071 0.440962 1.07588
0 0.176528 0.0219372 -0.69532 0.489939 -0.168932 0.274147 0.482224 -0.502451
0 0.675032 -0.766857 0.219879 0.786009 1.46838 0.222458 0.985358 -0.578496
0 -0.0279982 0.29447 0.891697 -1.13614 -1.88189 0.222447 -0.504087 1.60571
0 -0.759935 -0.106714 1.39229 -0.955672 -0.149955 -1.01684 0.0871354 -0.381945
0 0.238462 0.318281 -1.22888 0.220442 1.92997 0.065257 -0.504124 0.899553
0 0.587703 -0.14883 0.582772 1.08726 1.91609 -1.81842 -0.773159 -0.383609
0 -1.17972 -0.0763181 -0.622462 -0.283152 -0.160193 1.64326 -0.354111 0.796827
0 -0.282454 0.158522 1.11358 1.21906 0.00482018 -1.40132 -0.580768 0.173244
0 -0.432835 -0.109218 0.00398645 0.749874 -1.27504 -0.726267 -1.27476 0.594894
0 0.904342 -0.565074 0.517977 -0.720613 0.456768 0.0137763 -1.03709 0.893066
0 0.749763 0.132779 0.564768 0.597311 -0.182853 -1.07286 0.569707 -0.485555
0 -1.87386 -0.14628 0.585406 0.363109 0.121666 0.453539 0.658921 -0.203207
0 1.37663 0.26763 0.297983 -0.0944005 -0.135367 -0.147369 -0.485412 -0.640732
0 -0.998645 1.16779 0.338323 -0.4457 1.09412 -0.489848 1.50463 -0.849014
0 -0.675735 -0.533997 1.63152 -0.0835862 0.143275 0.829716 1.9946 0.476136
0 0.739789 -0.479205 0.370473 -0.564053 0.431635 -0.46536 1.12268 -0.345032
0 0.929491 0.105692 -0.491832 0.223943 1.46783 0.858774 -0.0102261 -0.727507
0 0.514304 0.533567 -0.0638688 0.536391 -0.781407 0.426171 1.57223 1.55972
0 -0.915627 -0.405849 1.36454 -0.827279 -0.17953 -0.0960057 0.666932 1.13364
0 1.20394 -0.324032 1.19874 -0.154545 0.546087 0.480641 -0.313699 -1.41983
0 1.25987 -1.54988 0.278416 -2.12424 0.148366 -0.326507 -2.35218 0.103024
0 -0.72791 -0.972397 1.42596 0.468382 1.03275 -0.613962 -0.155723 0.834808
0 0.787215 -0.28212 -0.910823 0.683033 0.393949 -0.371044 1.64644 -0.795683
0 -1.04818 0.2927 0.565568 1.75882 0.897663 1.02733 -0.0795214 -0.312222
0 -0.671621 -1.43383 0.691499 1.27279 -2.55873 1.1982 -0.0528394 1.17084
0 0.593218 -0.445241 -0.254878 -1.35797 -0.881191 0.0261348 1.32893 -0.31652
0 -0.187978 -1.45359 -1.60944 -0.519212 -0.496161 0.107533 0.00940395 0.237924
0 -0.460135 0.586414 0.173331 -0.575452 -0.277032 -0.777451 0.862348 -0.843429
0 -0.1437 -0.616096 0.2118 1.2151 -0.629385 0.813838 -0.244646 0.206918
0 -0.573812 -3.76712 0.727612 -2.26445 -1.76992 1.02352 0.0187495 1.45838
0 -0.260266 0.875224 -1.10654 -1.15314 0.954913 -0.788195 0.481978 0.281277
0 1.41901 0.66547 0.0844407 -0.56446 -0.439825 1.33577 -0.564531 1.23101
0 1.97339 -1.10609 -1.21122 -1.26668 -0.0561653 0.401792 -1.24337 -0.206954
0 1.02887 -0.186024 0.29064 0.312595 -0.799009 0.203355 0.360118 0.449893
0 0.39105 0.520976 -1.09951 -0.623323 -0.14141 -0.953556 -1.03592 -0.013969
0 0.237619 0.251268 -0.572148 0.126437 -0.702005 -0.141607 0.255526 1.52947
0 1.02666 -0.357979 -0.380421 0.562617 0.632775 1.52064 -0.255288 0.651033
0 -0.152115 -0.336029 -0.307011 0.694326 -0.140478 -1.48913 -0.633887 -0.522404
0 0.932399 0.329173 -1.44593 -0.511512 0.639119 -0.0148506 0.254669 1.03677
0 0.796016 -0.867069 0.317449 1.40059 -0.57058 0.342084 0.941094 -2.294
0 0.544218 1.34748 -0.42509 1.07856 -1.09102 -0.297595 -0.114711 -0.442019
0 1.20811 0.730617 1.04195 -1.08511 0.05983 -0.133005 -1.02723 -0.317014
0 -2.14573 -0.12866 -0.591358 -0.0828569 0.251148 -0.411756 -0.680971 -0.976887
0 -0.209747 1.18802 0.248879 0.472996 0.945168 -0.11734 0.932486 -0.479078
0 -1.4622 0.0589696 0.619847 0.208908 -1.30061 -0.676466 0.734494 0.321757
0 -0.16343 1.42994 -0.776231 -1.63217 0.14669 -1.33595 -1.17012 -1.36512
0 0.332559 0.0839171 0.14179 -1.69879 -0.939107 -0.65883 -0.278988 0.293997
0 0.266118 0.728407 -1.201 0.488146 -0.115791 -0.666823 1.27351 0.598783
0 0.597292 1.63118 0.133385 0.0631824 -1.11081 -0.757641 -0.630748 0.893537
0 -1.64103 -1.78665 0.465473 -0.751901 -1.54513 0.201515 -0.91866 -1.18901
0 0.739227 -0.624862 -1.06493 1.22043 0.251666 0.07573 0.435836 0.557667
0 -0.610979 0.83718 -1.09127 -0.768037 0.2753 0.206344 -0.31993 -1.36034
0 -0.225116 -0.376469 -1.98568 -0.559318 0.325281 -1.44747 -0.557639 0.598583
0 -1.09388 -1.006 0.720286 -2.22779 -1.17886 -0.275296 1.94756 -0.719743
0 -0.0834475 -0.196753 0.437522 0.378758 0.50438 0.353039 -1.41001 1.02366
0 0.0559984 -2.11916 1.02626 0.133426 0.983107 -1.0092 -1.37644 -0.222247
0 -0.181236 -0.127635 0.461394 -0.352213 -0.255464 0.512981 0.723507 0.438713
0 -0.222524 0.03826 0.0665188 -0.585099 -0.652998 0.617303 -1.62171 -1.65577
0 -2.83319 0.376705 -0.117588 -0.58699 -0.193721 -1.07758 0.704992 0.574044
0 -0.650162 0.317699 0.652892 0.436269 0.729141 0.567706 1.18283 -0.530924
0 0.195219 0.549751 0.479513 -1.24189 0.0559028 -0.741237 -0.432924 1.38044
0 -0.344338 -0.797012 -0.389889 0.853114 -0.483071 -0.761067 0.869358 0.184549
0 -1.93583 0.228151 -0.463522 0.152276 1.43083 -0.248473 0.738186 0.270956
0 0.82987 -0.526543 1.37683 -1.25372 0.324841 1.67903 -0.819598 1.7858
0 -0.648001 0.89182 -1.09406 -0.43338 0.12509 -0.145842 0.273412 0.637187
0 0.786985 -0.746874 1.26817 -0.928813 0.533742 0.265037 0.759062 1.19422
0 1.81207 1.80052 0.734013 -0.954659 -0.443582 -0.917593 0.431356 0.359813
0 0.687668 -0.205384 0.721579 -0.505097 1.35845 0.12407 0.365447 -0.0780256
0 -0.20268 0.518057 -1.4621 0.695656 -1.1015 -0.219299 -2.03616 0.235547
0 -0.701787 -0.157349 0.225873 -0.169157 0.702569 0.0210931 1.19187 0.802375
0 0.687351 -0.504505 0.361576 -0.0765005 -0.0898315 1.00602 0.803226 -0.576198
0 1.17965 0.104094 -0.404212 0.904212 1.46187 -0.645991 -0.394933 -1.22096
0 -1.297 -0.424064 -0.154437 -0.80186 0.516658 1.54433 0.279881 -0.697321
0 0.141937 -1.07174 -0.327584 0.30423 -2.47456 -0.282902 1.82242 -0.832974
0 -0.250168 -0.695631 1.83057 -0.645918 -1.32517 0.475065 0.376308 0.785722
0 -1.43495 -0.742481 -1.19133 0.890914 -1.70681 -0.999684 0.943289 -0.668491
0 -0.40064 0.259839 1.61762 0.140738 -1.13838 -1.0705 -0.841203 -0.694293
0 -1.50008 -1.72164 -0.332349 -0.925779 -0.600189 -2.44281 1.00507 -0.33984
0 -0.57076 -0.0962574 0.910637 -0.185356 -0.508263 1.55601 0.769474 -0.478159
0 -0.665542 0.583114 0.946912 -0.0656011 0.355196 -0.75459 2.07899 -0.855768
0 1.06262 0.742317 -0.309767 -0.450422 0.257757 -0.651618 0.15389 0.710184
0 -0.433012 0.569583 -0.576228 0.583918 -0.960298 -2.08915 0.69022 -0.760437
0 -1.15062 -1.2075 -0.148991 0.225831 -0.500663 0.62764 0.0198085 1.32828
0 0.283137 1.96084 -1.50889 1.20457 -0.237255 -0.394352 1.01575 -0.726722
0 0.0609939 -1.00293 -0.161017 -0.240486 0.0918202 0.330854 0.38009 0.025887
0 -0.849334 -0.403875 -0.990969 -1.14379 -0.78903 -0.177992 0.208789 0.261005
0 0.731516 -0.716931 0.784174 0.868104 -0.779127 -0.214117 -0.913162 0.205122
0 0.35942 0.0527251 -0.0739905 0.568546 -0.0992896 1.14072 -0.154864 -0.886231
0 -0.276049 0.200979 0.174715 -0.0335761 -0.988274 -1.1595 -0.260407 0.598415
0 0.630164 0.325193 -1.47189 0.383893 -1.16974 -0.759991 -0.425839 -0.579715
0 -1.619 0.597339 1.25607 -0.0696906 -0.202433 0.392424 -0.474984 1.04011
0 -0.569267 1.57918 0.496048 -1.43075 -0.866716 -0.797007 1.04355 1.24708
0 -0.0769844 0.0336924 0.5882 -1.07194 -0.15657 -1.32691 -1.79766 -0.402111
0 -0.410492 0.71319 0.890903 0.283143 1.21618 1.45539 0.565432 0.264753
0 0.423894 1.31126 -0.154147 0.0773733 1.017 -0.633414 -0.241142 -0.787927
0 0.0844387 1.43357 0.32011 -0.122161 -1.09759 2.60691 -1.02429 2.39026
0 -0.090504 -0.617939 -0.485905 0.253925 -0.24641 -0.307213 -0.630431 0.301914
0 0.0524663 -1.15306 -0.935407 0.653906 -0.986204 0.329866 0.206799 -0.140257
0 1.05111 -0.693799 1.43526 -1.69563 -0.412779 0.267522 0.0575698 -0.303794
0 0.56552 0.103039 0.00761212 -0.912146 -0.64751 -0.40324 0.895154 1.01559
0 0.549417 0.00992226 -2.04022 -0.610004 -0.335627 0.360579 0.709031 0.406017
0 0.680028 -0.385941 0.13817 0.481992 0.684829 -0.671403 0.968399 1.29624
0 -1.41356 -1.27728 1.19832 0.762914 0.0727368 0.383216 1.04648 1.53122
0 -0.030597 -0.16345 0.162268 0.39873 -1.45196 -0.624227 -0.283914 -0.537383
0 -1.28628 -0.635011 -0.422525 -0.0224227 0.00534025 -1.2101 0.0936122 0.508152
0 1.06924 -0.363124 -0.971073 -0.242643 0.509101 -0.324082 0.0842327 -0.335962
0 0.708013 -0.706352 0.43842 0.627961 0.549273 -0.0803579 -0.0110935 0.302775
0 -0.169069 -1.34819 -1.36526 -0.520524 0.501345 1.05513 -0.36666 -0.92158
0 0.232526 -0.172604 0.630328 1.24385 -0.514561 -0.618355 0.216607 0.981708
0 -1.33091 1.47012 -0.209167 -0.0201403 -0.00697276 -0.723552 -1.10351 -0.239078
0 0.125067 -0.632561 0.685947 0.0633413 -0.607206 -1.09832 0.372024 0.717081
0 0.0561139 0.244042 -1.89862 0.28609 0.458242 1.09473 -0.0653012 0.179241
0 -1.43805 -0.971308 0.223991 1.22516 -0.346785 -0.0909253 -0.308496 0.601498
0 0.779716 -1.64785 0.229636 -0.162396 -0.36326 -0.526624 -0.151021 0.200583
0 0.828483 -1.15612 0.513399 -0.711892 0.904016 -1.14955 -0.0743281 -0.182449
0 1.64912 -0.686802 1.02582 -0.726205 -0.127813 -0.759167 -1.28241 -0.021839
0 -0.808724 -0.222538 0.527452 -0.548912 -0.433614 -0.0674614 -0.63656 -0.435099
0 0.298479 -0.140104 -0.588203 0.915938 -0.18128 1.67613 0.915981 0.561512
0 -1.13299 -0.105519 1.27237 -1.15939 0.681521 -0.0384279 0.0226061 -1.33917
0 -1.18125 1.20513 0.0917302 -0.395123 0.4811 0.230821 0.348757 0.0118155
0 -0.00453989 -0.136909 0.236028 0.118905 0.545445 -0.137558 -0.0167877 -0.256023
0 -1.16388 0.372355 -0.0516111 0.131897 -0.660613 -0.0355007 -0.13504 0.156928
0 0.390884 -0.0930317 0.872152 -0.0141937 -0.723671 0.415203 -0.0183555 -0.321384
0 -1.02929 -0.735471 0.188384 1.03377 1.1643 -0.988175 0.345318 -0.122822
0 0.192156 0.511455 -0.184101 -0.148834 -0.282395 -0.630134 -0.110774 -1.95078
0 1.87078 0.887124 -0.849794 0.418186 -0.288987 -0.00303503 0.070173 -0.447469
0 -0.626225 -1.48333 -0.258499 1.12482 0.361596 0.438093 0.584084 -0.821801
0 0.348573 -0.755325 0.617397 -0.797717 0.401818 -2.19126 2.75314 -1.78451
0 -0.828182 0.342899 0.652529 0.180465 0.490143 -0.394264 0.189998 -0.300736
0 -0.593924 -0.380197 0.244048 -0.754602 -0.536474 0.314365 -1.22245 0.827774
0 -0.0747047 -1.06596 -0.554007 1.8092 0.347244 -0.975665 -0.325841 0.267035
0 -0.554326 0.53562 -0.291622 0.986719 0.0990717 -0.826274 0.230621 -1.02978
0 -1.2177 -1.31349 0.914352 1.50351 -1.36441 2.14098 0.71554 -1.27358
0 0.481829 1.32203 -0.735151 -0.830517 -0.309297 -0.178361 0.648479 -0.466563
0 -1.30257 -0.0145047 -1.54412 0.95321 0.328379 0.696186 -0.166417 -0.00981372
0 1.54507 0.143016 -0.636725 -0.700937 -0.590455 -1.40211 0.314382 -0.34492
0 0.131371 -1.03638 0.638147 0.964053 0.0050891 0.392602 0.720998 0.463191
0 0.229412 -0.832405 0.127047 -0.551378 1.1178 0.819967 -0.643821 -0.21291
0 0.577411 -0.387946 -0.582468 -0.475389 -1.33916 -0.925532 -0.160371 0.0926448
0 -0.649031 -0.862486 1.00438 0.422361 -0.368397 0.299127 -0.367332 -0.206463
0 -0.258601 1.00773 -0.650541 0.517826 -0.183947 1.03298 -0.500939 -0.258342
0 0.462385 1.56927 -0.477436 -0.808748 0.500027 1.77372 0.11564 -0.543133
0 -0.947595 -0.236816 -0.410511 -0.791384 0.484147 0.304761 -0.62877 -0.0452455
0 -1.86349 -0.157783 -0.0257308 1.00096 -0.582256 -0.265169 -0.227773 -1.0271
0 0.800098 -0.476521 0.187342 -1.36514 0.39892 -0.356786 -0.329219 -1.54212
0 0.796706 -1.08801 -1.11502 -1.15196 0.976696 -0.157023 -0.714567 0.645512
0 -0.80133 -1.19081 -0.0291392 0.369232 0.336781 -0.26416 -1.22603 -0.58448
0 1.60716 -0.257292 0.00639199 0.764028 -1.35926 0.516928 -0.368139 -0.988966
0 -0.0640271 -0.103708 -0.880392 0.328713 0.219284 1.01427 -0.523142 1.03606
0 0.322412 -0.548796 -0.231067 2.18783 -0.85207 -0.0458857 -0.147271 -0.821071
0 -0.0817536 -0.516988 -0.984794 -0.225926 0.486443 -0.190535 -0.49588 1.23464
0 1.63181 0.159428 1.32683 0.0255129 0.42986 -0.348533 0.0588774 0.444425
0 -0.377599 0.607116 -0.278537 -1.41873 -1.1799 -1.55531 -0.451492 0.760188
0 -0.0771188 -2.33582 -0.018006 -1.33823 -0.525855 1.55606 -0.866304 -0.798638
0 1.49267 0.147809 0.0178395 0.0470097 0.663239 0.917011 1.63547 0.865142
0 -1.23609 -1.08896 -0.684001 0.055053 0.465522 0.124178 -0.173926 -0.0942354
0 -0.216251 -0.312074 -0.426431 -0.547476 -0.280944 0.0194407 -0.0961782 -1.12055
0 -0.11015 0.521031 -0.138656 0.693052 0.422354 0.0148503 -1.45342 -0.690352
0 -0.435795 -0.686458 0.427477 0.104535 0.0706078 0.0146028 0.665392 -1.7754
0 -0.512115 0.0212698 0.497077 -1.83127 0.286781 -0.128756 -0.720766 -0.306877
0 0.564539 -0.436601 0.503807 0.469114 -0.0432732 -1.03643 -1.92287 0.22153
0 -0.00746256 0.0377715 0.0681841 1.87922 1.93153 1.26425 -1.90681 -0.134363
0 0.141463 1.26697 0.854245 -1.14949 0.518099 0.31591 0.985878 0.66637
0 -0.329591 -0.680436 0.233184 0.0111125 1.96178 1.24767 0.666605 0.533663
0 -0.242801 -1.54221 0.349989 -1.04746 -0.075141 1.1328 0.272932 0.00312021
0 -1.01075 1.23456 0.37369 -0.694686 -1.39682 0.744217 0.493144 1.07734
0 -0.623154 1.16699 -0.258311 -0.737154 -1.34653 0.249885 -1.24649 0.134438
0 -0.312951 2.62931 0.55332 -0.63767 2.15895 1.47643 -1.94661 0.796027
0 1.48039 0.0831078 -0.633994 1.44819 -0.0397595 -0.0600768 -0.844526 0.36498
0 -0.493053 0.622732 -1.05541 -0.345953 0.523757 0.368226 -1.48331 0.154157
0 0.191895 -0.60081 0.694778 0.638443 0.267822 -0.380902 -1.38262 -0.262638
0 -0.0661653 0.640176 0.440331 -0.595167 0.417841 -0.260218 -0.711525 0.352088
0 -1.51432 0.662827 0.277478 0.526196 0.620267 -1.44057 -0.627919 -0.392144
0 -0.819787 1.71875 -0.587079 1.23282 0.312994 -0.159599 0.204031 -0.37544
0 0.164884 -0.000417638 1.85503 -0.34763 0.10406 0.0125154 -0.705082 0.799579
0 0.992305 2.51309 0.589542 0.971048 -0.0910751 0.00610194 -0.227328 -1.37709
0 0.432613 0.545849 -0.949374 0.742298 1.24015 0.407081 1.13345 0.268124
0 0.960474 -1.24208 0.305574 0.438731 0.225063 1.39977 -0.437367 -0.817535
0 -1.17573 -0.209718 0.445417 -0.760416 1.05618 -0.581398 0.317318 1.03314
0 -0.107067 -0.254494 0.509848 0.350657 -1.34035 0.745603 1.72761 -0.0856637
0 -1.38584 0.98229 -0.859072 0.154081 -0.879309 -0.175095 -0.782534 -1.41157
0 -1.00516 0.722255 -0.0154455 -0.698774 -0.612723 0.895177 -0.156352 -0.90049
0 -0.0313429 -0.98745 1.6676 1.13677 -0.336923 0.237199 0.57245 -0.93072
0 0.486447 1.14457 0.684097 0.024653 -1.82453 0.553683 1.07199 -0.0919303
0 -1.34684 0.302187 1.69097 1.51097 0.922753 -1.88925 0.0791118 -0.80478
0 0.348797 0.381171 -0.637329 -0.759101 0.106538 0.707419 0.877364 0.0962451
0 -0.21052 1.34411 0.278439 0.414394 -0.31796 -1.37922 -0.0817772 -0.289346
0 -1.1907 -0.649824 1.53121 0.232171 -1.61383 0.0765148 -2.47303 -0.0156374
0 1.64551 1.36129 0.893311 -0.0810108 -0.431153 0.964554 0.333975 -0.818646
0 0.722489 -1.39451 1.11215 0.738356 2.1069 -1.53256 0.569919 1.13213
0 -0.437829 -1.00551 -1.07741 -1.28214 -0.352875 -0.921958 0.717653 -0.832028
0 -0.0314863 1.101 0.494215 0.650075 1.12867 -0.123427 -0.215151 1.8798
0 -0.890834 0.432559 -1.1274 0.795646 -1.08851 0.376962 0.568987 -0.0521729
0 -0.614616 -0.0326754 1.22286 -0.177252 1.36186 0.93468 -0.441658 -0.754961
0 -0.450514 0.921073 1.18646 -0.141076 -0.215072 0.563212 -0.258667 -1.70959
0 -1.12591 -0.0285388 -0.0857982 0.784646 -0.458298 0.789315 -1.50999 -0.512386
0 1.49156 -0.615968 0.540928 -0.297744 -1.4602 -1.1168 -0.288163 1.737
0 0.228898 -0.488437 -0.358234 -1.52739 -0.0342955 0.0254532 -0.121725 0.666389
0 1.58337 0.730454 2.37472 0.100011 -0.57612 -0.358003 1.13059 -0.613149
0 0.0167703 -2.05219 -2.07708 0.41442 -0.141957 -0.057112 0.736992 0.912127
0 1.38581 -1.24954 0.141288 -0.556762 -0.289791 0.788576 -0.474774 -0.100373
0 -0.0121446 0.0341123 -0.476736 -0.272267 -0.708959 1.37531 0.449005 0.0160782
0 -0.52791 -0.300742 -0.559388 -1.07827 0.842396 0.419148 0.446388 -0.0201413
0 -1.15649 0.675357 -0.132089 -0.975969 1.98336 -0.336702 -0.844311 -0.123919
0 0.787053 0.281937 -1.13656 0.734888 0.962853 1.2384 -1.76101 1.07155
0 0.864794 3.4845 0.316217 2.15828 0.124748 -2.22154 0.873339 0.366352
0 0.102471 0.179103 -0.236332 -0.691435 0.327539 -1.3225 -0.0992158 -0.489065
0 0.123174 -0.219841 0.154528 -0.39738 -0.567018 -1.78639 1.8693 -0.488286
0 -0.861463 0.872101 -0.465414 0.341164 -0.155798 1.00938 0.635751 0.479835
0 1.89965 0.785516 1.12701 -1.23495 0.103473 -0.133139 1.35875 -1.99508
0 -0.011196 0.114823 -0.335101 -0.00393766 -0.376545 -0.291255 0.951502 0.331084
0 0.20552 1.27498 0.127561 -0.066213 -0.334639 0.278592 -0.323256 -0.138268
0 0.00326307 -0.996345 -1.53352 -0.731113 0.975703 -1.01554 0.288903 -1.19836
0 0.291941 0.191553 -0.61355 0.0183656 -1.3867 0.62064 -0.052458 0.834819
0 -0.897698 -0.114648 0.487076 1.5911 0.705784 0.00973047 0.281374 0.740975
0 0.805215 0.16164 -0.36537 -0.104148 -0.143602 0.353575 -0.511415 0.198959
0 -0.488129 -0.221779 -0.367674 0.779258 0.163199 0.357927 0.475054 0.73566
0 -0.885568 -0.732547 -0.582001 0.16958 -0.0772584 0.743072 1.08492 -0.645507
0 -0.127938 0.769028 -0.0969533 -0.166967 0.171332 0.346084 1.03051 -0.800629
0 -1.42315 -0.249927 -1.33871 0.309286 -1.08987 -0.193778 -0.0452565 1.40832
0 0.0879659 0.891415 0.864862 0.406962 0.337047 -0.49282 0.83011 0.488829
0 0.380182 0.773348 0.252736 0.954379 -2.25087 0.149463 -0.0645388 1.15367
0 -1.38519 1.79619 0.164675 -0.826371 0.561212 1.94875 -0.699368 -0.0689111
0 0.932339 -0.833585 -0.702494 0.163804 -0.493378 -0.370915 -0.324679 -0.625212
0 -0.0029192 -0.826607 -1.27459 0.329739 -0.0223122 0.0219683 -1.48208 -0.148009
