0 -0.575793 -0.0982931 1.4938 -1.13699 -1.20876 -0.263546 2.79991 2.49558
0 -0.262095 0.63265 0.905725 0.47721 -0.118336 -1.33369 0.295304 0.0826714
0 0.159606 -0.722039 -1.11162 0.0466738 0.26485 -0.658243 0.530559 -0.642594
0 -0.918736 0.986494 0.576252 1.13227 -0.570118 0.528788 0.779273 0.293696
0 0.887406 -0.00882398 -1.30259 2.19899 0.385879 0.853452 -1.06079 -0.114577
0 -2.24352 1.55377 0.133797 -1.11249 0.347282 -0.0414641 0.55479 -0.113314
0 0.0140058 -0.719381 1.06632 1.04908 -0.260615 -0.264984 1.90213 0.0735814
0 -0.727581 2.69529 2.45972 -0.158254 -0.390536 1.38449 1.12076 -2.35715
0 -0.120001 -0.183848 -0.052184 -0.79437 -1.16884 -1.06973 -0.285321 0.269616
0 -1.24717 -0.293816 1.58077 0.665497 0.761605 -0.213972 -1.28825 0.99824
0 -1.90329 0.250067 2.08989 0.190147 0.172047 1.22954 -0.773849 -1.05407
0 0.00352883 -1.59736 0.607447 -1.42457 -0.800747 -0.285679 0.529622 1.46789
0 0.699464 0.29437 0.846826 -0.411466 -0.0460819 0.915168 -1.19346 -0.663804
0 -0.325422 0.185014 0.258614 1.02881 -0.617848 0.517128 0.53202 1.25413
0 -1.00256 1.67455 -2.1786 -0.0872888 -1.21903 0.156916 0.603202 -0.710764
0 0.990981 -0.610675 1.74009 -1.05372 1.04983 1.74091 2.33859 -2.26012
0 -0.105718 -1.54308 1.4299 0.742388 -0.322443 0.73223 -0.968356 0.103136
0 -0.441446 -0.0274968 -0.270213 1.18099 -0.931755 -1.61026 1.45532 1.013
0 -0.505733 -1.47415 0.348119 0.198102 -1.00988 2.26373 1.11423 1.21369
0 -1.22639 0.38091 0.357035 -0.355849 -0.364736 0.859113 1.18625 -0.974807
0 -0.836653 0.947883 -0.514236 -0.673473 0.250293 -0.747105 0.657762 -0.978795
0 -0.475878 -0.228263 0.726634 0.263927 -1.1035 0.72121 -2.35198 0.206204
0 0.223124 -0.838594 -0.346743 0.698746 1.89772 0.154585 0.726541 -0.715763
0 0.39136 -0.0778367 -1.15811 -1.26436 1.22858 1.65943 0.448264 0.484924
0 0.954706 -0.038571 0.933266 0.382326 -1.47028 -0.148048 -1.25701 1.01068
0 1.34627 0.607071 -0.911045 0.169386 0.213085 1.00965 -1.55155 0.306302
0 -0.760828 -1.65025 0.600807 -0.337245 1.78342 0.671229 0.874242 0.873581
0 0.423299 -1.51571 -1.08688 -1.6249 -0.339019 -1.093 -1.58944 -0.708166
0 0.952255 -0.740029 -2.49737 -0.677619 -0.252734 -0.198303 0.683336 -1.72545
0 0.707691 0.389932 0.0744456 1.02712 -0.621248 -1.70076 0.0180281 0.48959
0 0.91805 -0.408675 -1.19853 0.816795 0.372475 1.88861 0.134895 1.57453
0 1.1084 -0.469735 1.10488 -0.617256 0.897298 -2.77419 -0.698247 -1.40315
0 0.556299 -0.208318 1.36471 -0.53891 1.95457 0.151986 -1.52915 0.215499
0 -0.697232 0.0732771 1.88749 -0.0808142 1.28242 1.52734 0.259943 0.971786
0 0.326967 1.17589 -0.555231 0.39031 -2.37528 -0.0509185 -0.483441 -0.452359
0 -0.657779 -0.791559 1.43059 -0.301584 1.34538 0.661855 -0.457254 -0.764598
0 -1.21832 -0.395506 -1.76237 0.846546 -0.229488 1.06948 1.43226 -0.95865
0 0.824039 2.58026 -1.26263 1.61005 -1.18058 1.08836 0.668137 0.20152
0 -0.00310476 -0.0506887 0.756666 -1.34538 1.17352 0.959908 0.505215 -0.633309
0 -0.762479 0.942836 -0.690031 1.71669 0.472954 0.15208 -0.344227 -0.5477
0 0.263494 -0.811299 -0.0129553 0.222669 -0.328878 -0.616817 -1.30477 0.71361
0 0.125264 0.456911 -0.274749 -0.498445 0.274609 0.405219 0.421522 -0.347214
0 2.52263 0.247036 -1.92325 -1.67972 0.566885 0.801983 1.04976 0.446957
0 1.13155 1.7477 -0.0812959 0.980706 0.963343 2.24315 -0.0562724 -0.449773
0 -0.114122 0.0873365 1.64131 -1.61008 0.364126 -1.29478 -1.27123 -0.314468
0 0.447612 1.17887 -1.18434 -0.308072 -0.0153068 -1.45034 0.526733 1.16219
0 -1.45081 1.72881 2.4116 1.1663 0.04394 0.324734 -0.112411 0.648446
0 0.386259 -1.60029 -0.714212 -1.24225 -1.49881 0.925504 1.35145 0.894957
0 -1.62472 -0.122241 0.273621 1.92547 -0.582481 0.936527 -0.561211 0.464337
0 -1.39299 -0.845854 1.86831 0.870125 0.465961 -1.13118 0.392413 -0.0694626
0 0.286857 1.38454 -0.0641673 0.0069478 -0.0631046 -0.908162 -1.45488 -0.0292689
0 -0.0754875 1.56752 0.136522 -0.883193 -1.37372 -0.136576 -0.33588 0.333849
0 0.692586 -0.659287 0.504708 1.33859 -1.29353 1.15964 0.165538 -1.60057
0 -0.749791 -0.118101 -1.59413 -2.14973 -0.641784 0.76826 -2.01276 0.416734
0 -1.09386 -0.777087 1.46653 -0.453343 -0.466573 -0.456968 0.77926 -1.32233
0 -1.82814 0.0984121 -0.0380446 -0.814402 1.6112 0.604453 1.40471 0.748561
0 2.92093 -0.965048 -0.515464 0.776042 -0.208492 1.00894 0.0955855 0.417889
0 1.03445 -0.33031 0.125787 1.22222 -0.544904 0.681759 1.74699 0.168855
0 1.19188 -0.808246 -1.12215 1.49037 1.18586 0.785395 0.400813 -1.54347
0 0.333212 -0.206019 -0.869357 -1.9211 0.341625 0.845446 -0.0360628 -0.969045
0 -0.704723 -1.7212 2.04473 -0.0437062 -1.22673 0.525319 -1.77781 -0.474785
0 -0.374436 -0.335744 -1.58663 0.450465 -1.81134 1.99164 -0.179017 -0.541825
0 0.442164 2.45779 -0.286894 0.241831 -0.5819 -1.27937 1.65381 -0.0493694
0 -0.41012 0.694741 -0.4993 -1.86468 0.781889 -0.672022 -0.594157 0.363059
0 -0.690521 -0.725806 -0.982546 0.373175 0.15215 -1.73291 -1.80464 0.31931
0 0.204473 -0.0357747 0.266611 -0.5111 -0.611867 -0.473499 -0.140391 -1.04397
0 -0.12366 -0.843043 -0.952865 -0.642938 -1.00325 -0.753907 -0.487042 -1.44451
0 -1.32078 -0.0185081 -0.330636 0.438246 -1.96188 -0.201264 1.51745 -0.121634
0 -0.0951856 0.0595328 1.20938 1.9739 0.66387 -0.723023 -1.52291 -0.355184
0 0.846152 0.449221 -0.100843 0.299017 0.878632 -1.55419 1.26834 0.563074
0 0.908088 0.667718 -1.38307 -0.251431 0.333279 -1.86754 -0.406069 0.0840373
0 0.448824 -1.09582 0.983678 -0.404148 1.0816 -1.2653 -0.868095 0.0146722
0 -0.0597331 -1.22938 2.38437 -0.942435 -0.412963 -0.204535 1.18064 0.409174
0 0.411019 0.79261 0.987866 -0.444981 1.48449 -0.401037 -0.633067 0.070764
0 -0.0721542 0.694376 2.04055 -1.93885 1.09844 0.430282 1.27723 -3.96768
0 1.68625 -0.636027 0.454849 -1.05691 -1.28786 0.938464 -1.43448 0.40309
0 -0.306537 -0.0252131 -0.31329 -0.820809 -1.23466 0.322132 -1.66282 -1.16399
0 -0.803337 0.350634 -0.223606 -0.687265 -0.996074 0.343357 0.332313 0.309231
0 0.463922 -0.464948 -2.09548 -0.344542 -0.00510838 0.190602 -1.84761 -0.828782
0 -1.67646 2.0329 -0.618188 0.149002 -0.537668 -0.644498 -1.69806 -0.510938
0 -0.396566 0.255046 -0.153005 1.51144 0.610809 -0.499328 -1.18732 0.986547
0 1.20181 0.50559 -1.80094 0.162684 -0.202283 0.37788 0.254384 -0.499536
0 1.04297 0.247023 -0.418245 -0.00916967 -0.507362 -0.0246421 1.27047 0.49191
0 -1.42254 1.00606 -0.310085 0.368594 0.470113 -0.431359 0.350868 0.770323
0 0.0141477 -1.33923 -0.357841 0.894846 -1.11955 0.161774 0.111255 1.03432
0 -0.793806 -2.00923 -0.738435 -0.61912 -0.313391 0.471426 -0.247409 0.152598
0 0.660025 0.20824 -1.47482 -1.13445 -0.367039 -0.634152 1.25661 -0.87646
0 -1.15227 -0.591268 -0.864033 0.54881 -1.19543 -0.385867 -1.07395 -0.432977
0 2.51224 0.661026 1.08118 0.0369929 2.49917 0.828487 -1.51445 -2.20673
0 0.631174 -0.292122 2.11522 -0.648693 -0.587302 0.941837 -0.23971 -0.377165
0 1.99299 -0.350432 -0.245287 -0.723258 -1.50956 0.3581 -0.252221 1.91038
0 -0.452111 -0.215485 -0.260402 -0.691693 0.131044 0.511409 -0.254968 -1.84903
0 -0.881466 -1.06353 0.560734 0.573487 0.703125 0.351006 -1.95479 -0.580005
0 -1.60868 1.88709 1.60257 1.65036 -0.476196 0.102491 1.45393 -0.868108
0 0.483449 0.127295 -1.47474 0.521235 -0.430006 -0.0447855 -0.674985 1.51566
0 1.8546 0.846456 -0.106428 -0.332813 1.84397 -0.560654 0.0126899 1.35801
0 -0.503927 0.292741 1.76124 1.12675 -0.968932 0.839469 -0.126338 0.303173
0 1.89077 -0.552306 1.91954 1.52721 1.71902 -0.889008 0.19994 0.055698
0 0.113361 -0.41478 -1.12421 0.891058 -0.0143079 -1.10567 1.36184 0.566863
0 0.567648 0.565563 0.247857 0.815139 -1.39092 1.75601 -0.955335 0.307092
0 0.993699 -1.43713 -0.427581 0.627055 -0.730271 0.533874 -0.3849 -0.45061
0 -1.07386 -0.511759 -0.411596 0.42983 1.03902 -0.786774 0.0403247 -0.797419
0 0.328305 0.394056 -0.282171 0.154553 1.49988 0.368487 0.75467 0.592183
0 -0.184784 -0.924622 0.0186267 -1.32937 0.0837186 -0.645341 -1.04975 0.720078
0 0.393532 -0.893813 1.25222 -0.0412581 0.0190818 -1.38209 -0.704843 -0.732342
0 0.0849689 0.248507 1.32592 -0.666679 0.760451 0.272108 0.536512 1.07807
0 0.753848 -0.368056 0.667035 -1.36603 0.580361 -1.40171 -0.090912 1.05187
0 -0.902292 -0.143573 -0.88087 0.373797 0.845777 0.858307 -0.707469 -0.109759
0 -0.555224 -0.601558 0.261166 0.708114 0.456126 0.00346062 0.840778 -2.061
0 -2.09888 -0.767802 0.389522 -0.445819 0.218747 -0.152155 0.0419895 0.0731266
0 -0.277602 -0.348165 0.768161 -0.522297 0.275034 1.31332 0.803883 0.665887
0 -0.464383 0.380952 -0.331309 0.588372 0.352919 1.93773 1.46259 -1.64871
0 0.221354 -0.308855 -1.65832 -1.19099 1.02307 -0.660394 -1.05053 0.689692
0 1.80984 1.24884 0.13528 1.52423 0.500566 -0.520416 -1.26387 0.702618
0 -0.200802 -0.870403 -0.125529 1.14946 0.5683 -1.68317 -0.0754484 0.415666
0 -0.259777 -1.6372 -1.60634 0.554221 0.871957 0.0892761 -1.98486 1.24506
0 0.41352 0.233865 -0.0670265 -0.227973 0.455677 -0.188088 0.258991 1.81356
0 -1.11883 0.8035 1.77425 -2.25321 0.997113 -0.645377 -0.388373 1.90569
0 -0.534658 0.334454 0.333589 -0.511529 0.143144 -0.421458 -0.645899 -0.312333
0 -1.40965 -0.226048 3.22686 -0.263365 1.27322 0.542016 0.903397 -0.106619
0 -1.14427 -0.510202 0.559146 0.537827 0.893128 0.556354 -0.134752 -0.17514
0 1.38646 -0.400513 -0.0892997 0.300237 1.55372 -1.04059 0.861251 -1.35449
0 0.11093 1.35094 -0.13035 -0.196664 -0.658934 1.29385 0.387972 -1.1118
0 -0.944408 0.0394144 1.22698 -0.886276 0.617825 2.104 -2.12534 -0.678302
0 -0.276649 2.5844 0.444864 -0.366066 -0.889471 0.921392 0.51795 -0.246442
0 0.189685 1.72523 0.763044 1.52561 -0.478564 0.492326 -0.945936 -0.448434
0 0.880098 1.08783 -1.59584 -1.93925 1.11697 -0.0205121 0.564427 -0.862539
0 -1.28073 0.893045 0.485309 0.634949 -0.511639 -0.213369 -0.162564 -0.717281
0 1.58114 1.86886 -1.81067 0.0152854 -1.97257 -1.16243 0.717855 -0.0131293
0 -0.616283 0.819968 0.119708 -1.04944 -1.6755 -1.40912 -1.50765 -0.704242
0 -1.24478 -0.00224263 -1.07734 0.134921 -0.537157 -1.13604 0.293319 -0.0326768
0 0.192514 0.148288 0.835357 0.569013 1.16461 -0.86334 -0.243612 1.1945
0 -0.6721 1.37573 -0.850379 -0.928272 -0.192862 0.123162 0.292177 1.77714
0 0.0210892 -0.49136 -2.3827 0.307915 1.46171 1.22666 -0.0392265 -0.177223
0 -0.105309 -0.471562 -0.159 -0.00536949 -0.263539 0.912848 -0.785194 0.0954409
0 -0.733252 0.0881281 0.177048 -0.432619 2.80622 -0.717903 0.00091034 -0.118268
0 -0.688731 -0.244885 1.26746 1.18397 -0.547268 -0.251942 -0.413392 -1.03939
0 -0.326946 0.116905 -0.460275 -1.46538 0.211378 -1.0563 -0.0957968 2.85295
0 0.112296 0.625196 1.01554 1.10044 1.17746 -0.576777 0.985644 -0.67904
0 -1.36145 0.540459 0.586804 -0.476754 -0.970534 0.76996 -1.00974 0.0877623
0 0.886302 -1.45524 -0.475747 -0.010177 0.45617 -0.728478 1.60143 1.57818
0 0.632361 0.287469 0.694369 0.73641 0.184303 0.607888 0.29579 -0.584417
0 -1.46953 -0.471083 -0.221049 0.381281 1.90612 -0.347097 -1.64745 0.27174
0 -0.737969 -0.309139 -0.569014 0.0901332 0.414763 0.5857 1.80003 0.0261433
0 1.14299 0.763324 -1.7411 -0.0786778 -0.248505 -1.35882 2.9291 -1.86151
0 1.34461 1.08963 -0.558833 -1.41566 -0.775401 0.211247 0.293519 -1.491
0 0.0937339 -2.82817 0.0523743 0.648952 -0.188671 -2.48005 -1.30842 -0.328788
0 0.158053 -0.933378 0.483124 0.985078 0.0741509 1.65484 -0.560422 -1.01847
0 -1.27036 0.432888 -0.0169699 -1.21204 -2.38489 -0.298388 -0.533862 -0.278781
0 -0.623406 0.936942 -0.248305 -0.910888 1.42848 1.37544 -1.22579 0.737557
0 0.853843 0.570661 1.02655 -0.468217 -1.14222 1.16017 0.828001 1.56841
0 0.595044 1.12891 -1.32167 -0.773561 0.377188 0.0611236 -0.771533 0.513913
0 1.32581 0.772138 -0.159968 -1.54858 -0.741744 -0.964873 1.20233 0.833887
0 0.0415937 1.23405 0.187026 1.17542 0.560522 -0.369729 0.9152 0.876153
0 -1.96052 -0.32407 0.0194863 0.846933 0.628211 1.03386 -0.571474 -2.20789
0 0.482387 0.00943869 -2.88244 -0.0043354 0.844582 -0.334073 1.02052 0.0358144
0 0.543079 -1.49003 0.282622 -0.956553 0.733712 1.44607 1.70131 -0.523844
0 2.50111 -1.19038 0.794541 -0.0287712 0.94571 1.06775 -0.426688 0.495317
0 -0.00867836 -0.299484 0.105519 -2.21423 -0.720924 0.0949546 1.32411 -0.0559635
0 0.279118 0.515406 -1.44162 0.711965 1.29967 -0.664209 -0.569941 0.0885026
0 1.51927 0.214119 -0.397567 -0.846545 -0.642732 -0.426977 -0.452859 0.185538
0 1.09958 1.09155 1.31743 -0.829072 -0.72156 -0.300239 1.11427 0.136159
0 1.3537 -1.04484 0.574575 -0.129316 0.449147 0.334483 0.442056 -0.260212
0 0.813375 1.13499 1.02783 -0.465675 0.857323 -1.79721 -1.55048 1.27525
0 -1.26082 1.01718 -0.912926 -0.633123 -0.292526 0.726297 1.68129 0.894354
0 0.29632 -0.516113 0.867865 -0.550215 -0.160261 1.07976 -1.25007 1.78708
0 1.57523 0.977498 -0.17207 0.346731 0.788739 0.404526 -0.118941 -0.214177
0 3.57995 3.39851 0.307233 -0.932871 1.68999 0.226016 -0.626132 0.974467
0 -1.40444 -0.595966 0.343192 1.3188 0.684044 -0.312257 1.01187 -0.0577688
0 0.845364 -0.751393 -1.14043 -1.1496 -0.223224 -0.118353 0.0233417 0.0384552
0 0.153056 0.350606 -0.996797 0.136429 0.106644 0.898584 1.46422 2.13712
0 0.84218 -0.8407 0.61886 -1.51374 -0.543049 0.102664 -0.848997 -1.39509
0 -1.44459 -0.0395844 0.128761 -1.776 0.469726 0.509087 0.307184 0.331923
0 1.93439 -1.1 -0.827173 1.67015 -1.5675 -0.0336967 0.27939 0.282151
0 -0.294271 1.06901 -0.881354 0.711174 0.698431 -0.354151 1.39896 -0.267105
0 1.34397 -0.65619 -0.526889 -0.00433549 0.706861 0.0764352 -0.828499 -0.951434
0 -2.29631 -0.799234 0.131272 -0.260319 -0.150567 1.27021 -1.4973 0.497879
0 -2.69525 1.68393 -0.573376 -0.81818 -2.10088 -1.08375 1.91355 -1.92703
0 2.12132 -0.230625 -0.267578 0.179985 -0.110365 -0.972976 0.509142 -0.239752
0 0.865723 -0.84337 0.744722 -0.450228 -0.968685 -1.69868 1.16973 -0.873126
0 -0.878361 -0.183455 -0.739309 -0.418325 0.655954 0.319005 -0.976753 1.44877
0 0.272856 1.23733 2.1861 0.522119 -0.785465 -0.602184 -0.0309571 0.319283
0 1.20102 0.179527 1.28931 2.69083 -0.296788 -0.0314197 0.193517 -0.419373
0 0.0778008 -1.62595 -0.131483 -0.850996 -2.16288 -1.29947 -1.03929 0.543037
0 -0.957882 0.351567 -1.44783 1.71539 0.391565 -1.39889 -0.487336 0.481005
0 -0.0510733 0.0520902 -1.92459 0.724589 0.187436 -0.837155 0.721606 -2.14356
0 -0.778273 0.962082 0.693675 -1.24174 -0.0520764 -2.46533 0.641315 -1.11244
0 -0.801664 -2.19383 -1.60251 -1.98934 -0.686768 -0.907249 0.102195 0.684713
0 -0.449486 -0.709227 -0.727351 1.73628 -0.905045 -0.985108 0.606163 -0.87096
0 -0.389164 -0.453033 0.119057 0.589583 -0.518492 0.188008 0.431527 -0.277537
0 -0.446614 1.42889 -0.977862 -0.314103 0.152582 0.100695 -0.608374 -0.472183
0 0.491316 1.24581 0.874619 -1.42658 0.309406 -0.0915804 -0.225387 0.534534
0 -0.90184 0.472867 0.284511 0.256942 2.19936 0.362197 0.865752 -1.52669
0 -1.25742 0.349293 0.216446 -1.90695 -0.415454 -0.663437 -0.566782 1.02603
0 -0.905816 -1.03862 -1.4238 1.76043 0.709914 0.0853463 -0.12196 0.151955
0 0.628598 1.96668 -0.787269 -0.703359 -0.209717 2.2591 0.408155 -0.133494
0 2.6858 1.37153 1.49709 -0.330091 0.934317 0.301242 -1.05952 -0.145424
0 0.388251 -1.48122 -0.470324 -0.0742112 0.965722 -0.368808 -0.0434457 0.0637781
0 -0.463021 0.901545 -4.03282 -0.156813 -1.02794 -2.5037 2.12486 -1.90286
0 -0.274717 -0.952315 -0.790809 -0.593868 0.786383 0.354194 -1.71257 -1.23954
0 -0.74142 0.183361 -1.17223 0.182119 1.84791 -1.25805 -0.0206774 1.4442
0 0.675935 -1.63057 -0.21848 -0.0586563 -0.242403 -1.25857 -0.108296 -0.286009
0 0.877167 1.11579 -0.0854569 0.0933845 -0.670167 0.24036 0.246617 1.24525
0 -0.281258 0.297725 -0.346135 0.273614 1.17241 1.66766 0.486432 -0.136867
0 -1.55517 0.853413 -0.326332 -0.170568 -0.715391 -1.43516 -1.58367 0.800347
0 0.638311 0.492167 0.496256 0.74277 -1.085 0.535041 0.269912 0.106726
0 -0.38021 0.523816 1.11055 0.106884 -0.0669754 0.06209 -0.841327 0.749887
0 0.44539 1.39665 1.47833 -0.122332 -0.191836 -0.155222 -0.278963 -1.39092
0 -1.50073 -1.57395 -0.106389 -0.208162 -1.25986 -0.389528 0.89136 -0.323089
0 0.644424 0.598091 0.55607 -1.3623 0.883176 0.0572789 -0.769604 -1.27917
0 0.033011 0.937704 -0.941 0.563018 -0.714311 0.0464124 -0.487263 0.280426
0 0.154852 -0.00340883 -0.72157 -1.47978 -0.683051 1.64079 -0.178889 0.0783229
0 -1.28652 0.198059 0.435994 -1.49204 2.50206 2.32808 0.792575 0.680539
0 0.0342636 -3.49387 0.724141 -1.64593 -2.72955 1.43133 0.176998 -1.05503
0 -1.15526 -3.56333 0.078941 0.694455 -0.0423871 -0.254493 0.396461 0.52914
0 -0.548442 -0.503618 -0.607946 -0.0204253 0.252963 0.167721 0.491646 0.784976
0 -0.476414 0.419356 -1.64543 -2.61403 0.932684 0.938446 -0.331194 0.701852
0 2.37115 0.491658 0.024992 1.24952 -0.858217 0.558804 -0.774333 -0.457076
0 1.35019 -0.365951 -0.182102 0.3273 -0.885456 -1.04884 -1.54221 -1.31401
0 -0.932878 -3.63368 0.596786 -0.664866 -1.5181 -1.18778 1.8961 0.852894
0 0.997567 -0.303348 0.166307 -1.18258 0.205653 0.257451 0.132 0.181528
0 1.81097 -0.14009 1.35436 0.827842 0.0749497 -0.928928 0.939031 0.870692
0 0.0861618 -1.22178 0.723225 -0.602785 -1.77675 0.158599 0.356102 -0.163551
0 0.934294 1.02613 -1.11483 -0.363266 0.980877 -1.19832 -0.492804 -1.8355
0 -0.304542 1.57769 0.194511 0.494276 -0.843375 -1.78773 1.01133 1.51909
0 1.69725 -0.697212 0.241624 1.06979 0.171289 1.81045 0.15867 -0.548433
0 -0.237731 -0.122477 -0.440604 -1.04017 0.0217462 -1.27584 0.854854 0.751738
0 0.645159 0.128925 -0.254593 -1.15361 1.42728 -0.968913 0.53867 -0.173333
0 0.323504 -0.781383 -0.134898 1.27085 0.524058 -0.165654 -0.413998 -0.475842
0 0.422106 -0.944268 -0.0299835 -1.01749 0.0931734 0.973023 -0.188672 1.07891
0 1.31512 -0.101728 -0.0707052 1.39525 0.514623 0.407478 0.178074 1.3118
0 -0.972528 -2.10673 -1.58989 -0.231358 0.610314 -0.0816708 0.669219 0.316047
0 1.04483 -0.330226 0.241998 -1.45548 0.255423 -1.01673 2.18033 -0.303434
0 0.177945 0.181204 -0.953466 1.36947 -0.241498 0.513019 0.12639 0.418309
0 -0.652929 2.0622 0.791831 0.0253083 1.27344 1.10021 1.64041 -0.427223
0 -0.789147 -0.685756 1.0426 0.921155 0.664357 -0.943952 2.57549 -1.11285
0 0.480673 -1.69649 -1.89747 0.484618 0.274288 -1.02204 -0.812258 0.155311
0 -1.44714 0.0117368 0.107138 -1.00713 0.598627 -1.48821 -0.978663 -0.548825
0 -1.81306 1.68406 -0.63828 0.560134 -1.57065 -0.0138436 0.62911 -0.32649
0 0.291895 0.864386 0.403934 1.29692 1.50787 0.496455 -0.217893 0.148011
0 -1.20053 -0.395652 -1.12569 -1.45824 1.82428 0.852238 -0.495004 -0.0451064
0 -0.72043 -2.29539 0.93767 0.423626 -2.04458 3.17729 2.04318 1.5383
0 -1.05496 0.267165 1.14454 -0.299802 0.0929868 -0.709304 1.14434 0.575398
0 -0.661689 0.649625 -0.174734 0.599669 -0.397707 -1.31911 -0.761837 -0.894424
0 1.402 -0.253239 -0.401174 -0.382849 -1.21344 0.75355 0.238962 -1.05937
0 -0.698365 1.5054 0.117645 0.737072 0.221773 1.38768 -0.330388 1.56468
0 -0.706689 -2.58445 -1.41584 0.941338 -1.65044 1.137 -0.107435 0.291746
0 0.714223 -0.120504 0.992937 0.0267018 -0.233762 -0.461044 0.186646 0.269601
0 0.575902 1.944 0.241167 0.469852 -0.660388 -0.541013 -0.344932 -1.42238
0 -0.267465 -1.5149 -0.504636 0.701139 0.413535 1.55635 0.80035 0.194034
0 1.10758 0.188958 0.540544 0.736072 -2.11536 -0.192339 1.42131 -0.053201
0 -0.182808 -1.37703 0.480984 -0.164201 0.975234 -0.702832 0.96588 -0.0395744
0 -0.981394 0.215246 1.00188 0.574796 -1.6135 -0.546913 -0.329973 0.611447
0 0.219929 -0.497492 -1.52552 -1.14624 0.102471 1.69094 -0.633006 1.50613
0 0.285971 0.275435 -1.63112 0.565491 0.00975818 1.45767 -0.435733 -1.11155
0 0.421622 -1.43528 0.863164 0.380026 -1.16197 -1.4154 0.214192 0.827178
