0 -0.243412 0.839041 0.923399 1.93411 -0.761986 -0.757737 -0.61773 -0.50858
0 -0.258625 -1.2244 -0.514012 0.0850628 -0.0589073 -0.435343 -0.203489 -1.10553
0 -0.566979 0.0850297 -0.311789 -0.250407 0.0113064 0.624056 0.989072 0.835272
0 -0.0291297 1.10615 -1.3402 0.907421 -0.75432 0.624902 1.43066 -0.781634
0 -0.636944 0.48634 -0.560093 -0.22478 0.911237 -1.41089 -1.43335 0.00886345
0 -0.251445 1.10725 1.44177 -0.238976 0.246116 -0.188337 1.56127 -0.249362
0 -0.857609 1.54126 0.787025 -0.1563 1.46985 1.26567 0.394205 0.455815
0 0.728569 -3.5977 -1.70491 -2.45572 0.793489 0.442618 -0.601089 0.673538
0 -0.890992 0.287024 0.0840141 -0.163703 -1.60536 0.976557 0.0930376 -0.41168
0 -0.273557 -0.00833286 1.33874 -0.592658 1.32121 0.563976 0.884993 1.24502
0 -1.41347 -1.48002 -0.803081 0.966943 0.949047 0.467581 -1.26249 0.642251
0 0.59828 0.83675 0.938664 -0.862048 -0.616703 0.740497 0.0719015 1.9563
0 1.40624 -1.77135 0.0700028 -2.53287 -0.329415 -0.377674 0.497643 0.0893756
0 -0.250651 0.357626 -0.596099 1.4266 0.486542 -0.918803 0.345319 1.24148
0 -0.265104 0.0627889 -0.443228 -1.72694 0.831353 0.111072 -1.87585 -0.608426
0 -0.323785 -0.736357 0.94833 -0.40683 1.10049 -0.989353 0.32733 -1.08412
0 1.46252 -0.0642202 -0.0187987 1.2236 -0.43891 0.493664 -0.0525454 0.563561
0 -0.448118 -0.720991 1.89637 0.451936 0.0580269 0.0350103 -0.037638 0.737955
0 -1.36041 -0.437578 -0.207749 -0.629721 0.421943 -0.475392 -3.23808 -0.127998
0 -1.12315 0.566357 0.245317 -1.39801 1.20192 -0.0928915 -0.252578 -0.00587914
0 -0.277951 0.839226 0.664824 0.697701 0.729133 0.1166 0.366644 0.709758
0 -0.0463076 -0.159733 -0.146505 0.24106 0.358086 0.580903 0.136978 -0.824507
0 -1.06139 0.216238 -0.319205 -2.28941 -1.51704 0.892075 1.20846 -1.22832
0 0.498903 -0.495277 -0.70607 0.109701 0.62254 -1.69446 0.516362 0.356315
0 0.43617 -1.14284 -1.77248 -1.47147 0.21388 -0.411691 1.37446 -1.23854
0 1.18585 -0.399879 1.39804 -0.0259782 0.0275896 1.1323 -0.411958 0.877998
0 -1.29922 -1.64687 0.299666 -1.76824 0.663841 -0.245944 0.317433 0.491566
0 1.28181 -1.30827 0.40395 0.0363141 2.0839 0.467683 1.17803 0.659994
0 0.949985 -0.59703 -0.185203 0.205802 0.35944 0.44476 1.28373 0.330276
0 1.61488 1.08494 0.569043 -0.158689 0.413872 -0.592466 -1.46447 -0.399354
0 0.105754 0.31253 0.242762 0.620347 0.0679446 -0.703995 1.11995 0.544771
0 1.71259 0.140282 -0.435362 -0.975862 0.75393 0.648854 1.17748 -0.61384
0 -0.468159 0.909554 0.529564 0.156185 -0.820225 -0.0328826 -0.529522 0.484813
0 -0.00482564 0.915072 -0.30504 -0.58479 0.775702 0.0380752 0.709198 0.811667
0 -1.94204 0.502951 2.38086 -0.927594 0.678766 1.44928 0.115404 -2.66808
0 -0.129878 1.1694 -0.438059 -0.273878 1.39097 1.33924 -0.0598067 -0.796497
0 -0.228003 0.986931 -1.66151 -0.25799 0.466962 0.654642 -0.28445 0.0523156
0 0.194927 -1.08112 1.94761 -0.522306 -0.109146 0.112593 0.760211 -0.0957553
0 -0.164811 -1.10203 1.04973 0.72403 -1.26259 -0.0215218 -0.715792 0.475233
0 -0.648307 -0.185218 -0.276816 0.399752 -0.478433 0.580664 -0.158619 0.348907
0 -0.175705 0.932879 -0.66962 0.716814 0.375124 -0.249563 0.121224 -0.322703
0 1.01118 0.500319 0.402245 0.209388 0.147981 0.0972537 0.645062 0.486286
0 -1.6553 0.497342 -0.390333 -0.0585811 -0.956671 0.530553 -0.339086 1.39316
0 -0.0554875 -1.01986 -0.404364 0.244145 -0.942283 1.56129 -0.923875 0.267051
0 -1.1252 -1.22815 1.129 1.65719 -0.08176 -0.153147 0.729924 -0.166993
0 -0.276327 2.44375 0.0893709 0.192428 -0.504252 0.960504 -0.251403 -0.442795
0 1.80871 0.00250404 -1.63252 4.49801 0.603876 0.260705 -0.0211659 -1.8262
0 -1.49449 -1.08215 -0.462549 0.717136 -0.713365 -2.93483 0.832529 0.630433
0 -0.760473 -0.62801 0.12272 1.13868 0.425039 -0.00286428 -1.00348 -0.48416
0 -0.478053 -0.221821 1.36357 0.958043 0.689091 -1.07175 -0.103272 -0.888413
0 -0.224219 0.280571 0.240566 0.723056 1.3492 0.279319 -0.571787 -0.19005
0 1.49579 0.788545 -0.0647523 -0.377041 0.358668 0.205198 -0.416907 0.386005
0 0.171358 -0.295685 0.708278 0.773757 0.764258 -0.625227 1.19497 2.03026
0 -2.23959 0.395692 1.27645 1.0444 -0.565709 -1.53486 0.020068 -0.73528
0 -0.598915 -0.106935 0.37255 0.360341 -0.0769012 -0.968819 0.111499 0.0852949
0 0.657128 -0.728897 2.14552 -0.577526 -2.06859 -0.901148 1.76567 -1.1018
0 -0.475996 0.0696501 -0.940022 -1.15704 1.57648 -0.00894604 0.828575 -0.0730561
0 1.58327 -0.427015 0.921978 1.07948 0.521424 -0.854335 -0.145097 -0.275719
0 -0.961749 -0.74142 -0.783955 -0.0117628 0.815722 0.970169 -0.52285 1.52767
0 -1.22492 1.37655 -0.932748 -0.506131 0.23041 -0.311332 -0.637136 -0.39205
0 -1.89828 0.8395 -1.61224 1.192 0.639869 -0.734503 0.33334 -1.0899
0 -0.718258 0.673223 -0.221017 0.421469 0.437883 -0.231765 -0.801859 1.34418
0 0.436775 -0.335251 -1.31886 -0.647485 1.05235 -0.367444 -0.0984229 -0.0814854
0 -0.0869368 -1.94351 -0.269142 -0.268635 0.793004 0.362642 1.868 0.394635
0 -1.23832 -0.088709 0.633835 0.219951 -2.85972 -0.841044 -0.122044 -1.12574
0 -0.685931 -0.26887 0.37812 -1.54628 -0.94223 0.38105 -1.08306 -0.554156
0 -0.472931 0.257998 -2.24284 1.31181 0.300082 -0.139087 -0.515647 0.262705
0 -0.521109 -0.269698 1.24127 -0.494488 -0.924449 -0.679079 -0.311611 -0.157559
0 -1.25487 0.256974 -0.0160466 1.72347 0.391312 -0.333236 0.447441 -0.312454
0 -0.409829 0.656097 -2.39827 0.939665 0.903983 1.07854 0.790853 0.580399
0 0.120468 -0.077796 -0.450024 1.98088 1.5212 -0.891779 1.80809 0.128307
0 -0.345011 0.892978 1.57471 0.201467 -1.05861 0.592754 1.31603 1.26846
0 1.16294 0.232842 -0.601915 0.962874 0.138012 0.359381 -1.69116 -0.820311
0 0.923044 -0.195416 2.12718 -1.03517 0.618403 -0.523431 -0.472853 -0.271236
0 -0.182699 -1.40675 -1.55375 -1.49146 -2.16952 1.26632 2.5436 -0.212901
0 -0.301477 -1.17712 -1.62575 0.767758 -1.3382 0.935896 -0.72911 -0.938542
0 -0.220707 0.246217 -1.63648 -0.16408 -0.0447029 -0.372643 0.953762 -0.981238
0 0.36842 -1.85208 0.204439 -0.655203 0.972719 0.794128 -0.262274 -0.0810455
0 0.0739143 0.49969 -1.38499 -2.30181 1.64345 2.03441 1.72895 0.831085
0 1.03192 0.842607 0.93888 1.76058 2.09565 -0.486619 -1.20512 0.193569
0 -0.792648 1.26935 -0.951669 0.301561 -1.62109 -1.2454 0.330788 1.15869
0 0.914623 0.496222 -0.230428 0.819568 -0.317692 0.232891 0.104527 2.08442
0 -1.34763 -0.369652 0.528179 0.0406682 0.232203 0.384311 -0.0703041 -0.0767189
0 0.268654 -0.774558 -1.31474 -1.22995 0.310361 0.662642 -1.04381 -1.01158
0 -0.0331448 -1.90999 0.674981 1.15367 0.43066 -0.397809 -0.0207144 0.557662
0 0.396968 -0.301571 0.629507 -0.142823 0.123873 0.181958 -0.0353941 1.22875
0 1.00565 1.26191 -1.56242 -0.37813 -0.219189 0.513693 0.534376 1.04025
0 -1.52837 0.164084 -0.0332348 -1.03265 -0.444245 -0.852579 -1.02251 -1.3048
0 -1.11614 -0.387434 1.21631 -0.656427 -0.121935 0.841391 -1.25832 1.42019
0 0.44457 0.961082 -1.47083 1.19013 -0.812035 -0.0201705 -1.76529 1.02445
0 0.130874 -0.368269 -0.210841 -0.0603467 0.893464 -0.677673 0.906455 -1.16336
0 0.345937 -1.21942 -1.17584 1.52179 0.757406 -0.367816 -0.413424 -0.355707
0 0.325799 -0.400894 -1.06151 1.16948 -0.273379 -0.43311 1.19865 -1.63189
0 0.642134 0.767567 1.31952 0.769597 -0.296048 -2.20805 -1.61641 -0.374034
0 -0.474058 1.21109 -0.254042 0.410667 0.676516 -1.7297 -0.600975 -1.02851
0 -0.57122 0.255091 -1.41604 0.694033 1.14684 0.278909 -1.46584 -2.4207
0 1.14215 0.700436 1.54892 1.39992 0.338636 0.763484 0.241318 0.868897
0 0.0300859 -0.376967 0.100854 1.11305 -1.38662 -0.141461 0.733112 1.09611
0 -1.74298 -0.469338 1.41204 -0.328316 1.41705 -0.10126 0.552986 -0.227141
0 -1.93674 2.20225 0.999636 0.119138 -2.15679 0.488214 0.393923 -0.507437
0 0.629124 -1.44328 0.210712 0.486499 -0.259365 1.49696 0.70506 -0.387113
0 0.545185 -1.66015 -0.503155 -0.104076 -2.13626 -0.985808 0.219491 0.271616
0 0.52472 -0.174774 1.4205 1.4987 0.0125301 0.410984 0.645416 -0.350323
0 0.444399 0.262035 0.834218 0.528199 -0.549229 1.63964 -0.439925 0.0180746
0 -1.0494 0.993242 0.260018 0.437803 -0.122498 0.160508 0.164936 -1.19481
0 1.42841 -1.04782 0.260661 -1.10846 -0.814293 1.85556 0.476471 -1.62891
0 -0.458131 -0.96339 0.388464 -0.178792 -0.270661 1.73847 0.853186 0.464785
0 -0.737051 -0.507266 -0.0684092 1.20633 0.438722 0.752708 0.713048 0.222436
0 0.258012 0.101826 -1.76556 -1.03847 -1.80455 -1.60028 -0.998223 -0.183907
0 -1.10139 -0.267452 0.0653036 0.485802 -1.52161 -1.54881 -0.955761 0.635463
0 0.837923 0.805977 -0.334517 -1.53929 -0.889634 1.94185 0.979296 -0.628543
0 -0.195414 1.04329 -0.923375 -0.926136 -0.47715 -0.557263 -0.5716 0.679204
0 -0.591389 -0.505963 -0.442442 -0.822446 -0.304145 0.52956 0.650461 -1.15464
0 0.885133 1.20536 0.44513 0.371282 -1.70542 0.46302 0.553221 1.15152
0 0.490361 -0.969398 0.498674 -0.269216 0.656012 1.08176 -0.933545 -2.33605
0 0.881018 1.72953 0.416716 -0.822677 -0.711176 -0.694269 -0.62684 1.803
0 -1.95054 -1.51292 0.615374 -0.397795 0.626486 -1.06773 -0.140989 -0.400053
0 1.15101 -0.421846 -1.93086 -2.21713 0.510552 0.0308127 0.402829 1.23516
0 -0.124104 -0.0952029 -1.09243 -0.250845 -0.419625 -0.385105 -0.198279 0.396621
0 0.465072 -0.171312 0.591592 -1.13112 -0.0340825 -0.0256593 1.01516 0.0418258
0 1.64664 -0.79099 1.58666 0.338921 -1.31015 -0.968074 0.414283 0.738043
0 0.32044 -0.0875393 -1.41397 -0.0863837 -0.912517 0.87032 1.32097 1.4348
0 1.01685 0.750318 1.14391 -0.689764 -1.33152 -0.259807 0.184883 -0.955685
0 1.39985 1.24186 0.172901 -0.655611 -0.822398 -0.16149 -1.52306 -0.458753
0 0.0166416 -1.30484 -0.0360777 -1.26873 -1.32241 0.621699 0.671585 -0.81319
0 -1.09499 -0.64026 -0.627936 -0.99891 -0.0438639 -0.794685 0.721556 0.616845
0 0.550425 0.0395695 -0.027284 -0.578286 -1.80581 0.0316003 -0.887034 1.46635
0 0.996313 -1.58777 -1.09372 -0.847032 2.01895 -0.976986 0.882611 0.0587328
0 0.797154 0.134088 0.0200814 -1.28252 -0.377206 0.351463 -0.215872 -0.117262
0 -1.09189 1.73978 -0.481317 -0.301975 0.713233 -1.13936 -0.0655016 0.885588
0 -0.945962 1.88652 -1.40168 -1.48007 0.960287 0.14782 -1.75956 0.379017
0 -0.175351 0.688337 0.675534 0.204393 1.03764 -1.46519 0.87683 -0.614657
0 -0.447987 -0.683538 -0.131069 0.308704 1.49622 -0.282106 0.0722314 0.461875
0 -0.217784 0.167267 -0.268102 0.709818 -0.798629 0.390975 0.464389 -0.466797
0 0.857367 -0.467662 0.940689 -0.475971 -1.53206 0.620982 0.671238 0.729134
0 -0.0730157 0.276751 0.504641 -1.0013 -0.0285063 0.0840313 -0.05645 -1.89589
0 -0.515343 0.410882 -0.324731 1.0703 0.0732563 1.85232 -0.567129 0.0184251
0 1.78606 -0.179609 0.025358 3.1326 -0.268971 0.331225 -0.587946 1.02152
0 -1.41239 0.286354 -0.678996 0.0232922 0.556848 -0.159406 0.527039 0.184629
0 -0.614776 -1.60979 -0.201347 0.0597031 -0.721275 -0.806942 -0.420895 0.487007
0 1.25108 2.23448 0.528702 -1.37603 -0.778768 0.341126 0.949185 0.0360017
0 0.930252 1.46753 -0.233399 -0.52847 -0.0371344 -1.23287 0.60241 0.608054
0 1.0723 -0.722927 -0.209874 -0.843431 -0.315389 -1.00292 -1.20829 0.569135
0 0.349624 1.06051 0.0857113 -1.8697 0.743957 -1.02071 -0.378663 0.00771521
0 -0.198104 -0.370967 1.03057 -1.3483 0.393248 1.0856 -0.276798 -0.291604
0 0.401338 -0.0831797 0.00653128 -0.936822 -0.61814 -1.51871 1.32266 0.437794
0 -0.901822 0.401583 1.7612 1.95238 -0.699777 -1.31336 1.05254 0.477914
0 1.35977 1.57062 -0.7203 1.10446 -0.954097 0.307813 0.254247 0.364015
0 0.740256 2.44152 0.415875 1.22794 0.4196 0.210539 -0.809474 -0.5116
0 -0.622537 0.437939 0.886641 0.919823 1.05848 1.7471 0.950159 -1.68489
0 -0.539939 1.81678 1.56524 0.909472 1.39604 -0.950797 -0.965425 0.764048
0 0.912352 -0.320564 1.08961 -0.223377 -0.0951713 0.354402 -0.468383 -0.425312
0 -1.88285 0.73784 -1.06941 -1.12564 -0.339587 0.915384 1.5002 0.505213
0 0.96682 0.487136 -0.324689 -0.795617 0.548544 -1.16493 0.480367 -0.747948
0 0.369715 -0.199038 0.177097 0.839343 0.876464 1.1637 0.795279 0.94908
0 0.227381 -0.513231 0.524024 -1.85027 -2.60296 -1.40861 -0.518403 1.07978
0 -1.27834 0.785847 -1.05216 -1.27062 0.300886 -1.01304 0.267573 -0.784776
0 0.14792 0.282904 0.0121237 0.246011 -1.11955 -0.878877 0.698919 -0.927026
0 -0.801054 0.736431 1.11249 -0.0452283 0.0622354 0.906539 0.908657 0.176987
0 -1.08307 0.982096 -2.23419 -0.528397 0.396226 -1.16195 -1.39405 0.420982
0 0.467804 0.476908 -0.589445 -0.0642806 -0.749008 1.11057 -0.00795172 -1.40399
0 -0.727627 -0.363223 -1.63281 0.268979 0.573719 0.202013 0.0289888 -0.62367
0 -0.0882246 0.22025 0.43814 -0.405838 0.00426801 -1.22704 -0.573061 0.845502
0 0.0947521 -1.36337 -0.485493 0.821294 -0.273878 0.204961 -1.05803 -0.270671
0 1.06946 0.654449 1.01302 -0.656107 2.14045 0.412565 0.554354 -0.351126
0 -0.191813 -0.925038 -2.00908 -0.45853 -1.58561 -1.24168 0.593833 0.128317
0 -0.00291354 0.628244 0.491275 -0.395285 0.926397 -0.29531 -0.187711 -0.309174
0 -1.46496 1.21549 0.394276 0.755924 -1.75795 1.17529 -0.883221 -1.54391
0 0.0878502 -0.514071 0.496985 -0.269653 1.10082 0.295499 -1.13043 -0.512452
0 0.890692 -0.132863 -0.0283715 0.690213 0.683309 -0.5212 -0.251347 -1.87576
0 1.0842 0.762932 1.42021 -0.48048 -0.334064 0.298919 -1.44874 0.878222
0 -1.27363 -0.863903 0.26372 -0.405022 1.41275 1.22832 -0.631069 -0.457544
0 -1.15645 -0.290337 -1.14128 -0.207047 0.0869827 0.0387715 -1.11277 0.279931
0 -0.624508 -0.172688 0.188675 0.467629 1.64466 0.0253609 -2.39638 -0.0401285
0 -0.228888 -0.519454 0.0385339 -1.20178 0.454426 0.588122 -0.707503 0.967408
0 -0.597594 0.65933 0.347234 0.516369 -0.165396 -0.537636 -1.24299 -1.18349
0 1.25704 1.08432 -1.80581 0.402535 0.213316 -0.350708 -0.505625 -0.282078
0 -0.107014 0.631227 1.38621 1.06559 2.1401 -0.620465 2.2805 1.37644
0 1.08751 0.231029 0.675045 -1.96158 0.23569 -0.929117 1.00968 -1.87153
0 -0.369152 -0.847999 -0.620192 -1.89726 -0.121909 -1.20472 -0.414364 0.0473087
0 0.786302 1.8541 0.628976 0.192034 0.456776 1.50988 0.71143 -0.186227
0 -0.188027 1.61968 0.240113 -1.41455 0.0561193 0.568101 -0.0615659 0.381339
0 1.59374 -2.07039 -2.26389 0.684952 -0.590689 0.825482 1.25941 0.74333
0 -0.310009 0.382807 -0.323482 -0.206663 0.329435 1.3364 -0.243897 0.416509
0 -1.36154 -1.05256 -0.103151 -0.300441 -0.601114 0.594935 -0.557925 -0.432867
0 -0.0980166 -0.853873 0.0552842 1.38933 0.749221 0.628649 0.898656 -1.3282
0 -0.452866 -0.304186 0.507437 -0.728414 -0.452989 0.275742 -0.15431 0.754645
0 -0.268786 0.629361 -0.406747 -0.622421 -0.344789 -1.29917 0.722784 -0.494584
0 -0.359791 1.29827 0.597353 0.698525 -2.23826 -1.45548 -2.48893 0.155301
0 0.162021 1.93287 0.0519656 -0.505512 -1.98156 2.16733 0.44783 -0.573316
0 0.71579 -0.322239 -0.236113 1.11116 1.16032 -0.316032 -1.29919 1.15699
0 1.36322 0.446952 -1.29603 -0.819471 1.49825 1.17022 -0.546204 -0.365568
0 0.241986 0.542374 -0.770471 0.199124 1.65018 0.624942 -0.77492 0.856644
0 -0.0503673 -0.0552848 1.53627 -1.84804 0.876037 -0.182524 0.373183 1.33592
0 -1.14249 -1.58335 0.113724 0.51977 -1.21882 0.748131 0.733526 -0.118675
0 1.41505 -0.849942 -0.710482 0.0970976 0.254461 0.483092 0.316727 -0.782163
0 1.44296 -0.00305269 -0.274683 1.39545 -1.07876 0.428514 0.260976 -1.00427
0 -2.14741 0.49577 0.0209629 0.290494 -0.0258923 1.34986 1.23192 -0.0312256
0 -1.04654 -0.409743 -1.44981 0.273809 0.822741 2.29827 0.572988 1.42498
0 1.45876 -1.08309 0.225457 -0.257436 1.0168 -0.316459 -0.223584 0.0696753
0 1.37846 0.228979 0.0085323 0.00862278 2.01834 -0.940202 -0.635846 -0.140841
0 -0.482068 0.10115 -0.676741 0.94068 -0.579683 -0.915007 -0.744026 -0.237056
0 0.347409 -1.32622 -0.97687 -0.00333869 0.684999 1.70292 -0.209362 0.156915
0 1.19078 0.0550351 0.501203 0.46653 1.06934 1.58235 -0.0771139 -1.47774
0 1.33621 1.69696 -1.20663 1.32361 -0.345009 -0.893648 1.73114 0.343025
0 -1.45902 -0.428164 -1.14574 0.818279 -0.523537 -0.535175 0.632794 -0.0711737
0 -0.632008 1.70541 1.26538 -0.601167 -0.0928416 -1.17817 0.160565 0.323718
0 0.484446 1.40958 -0.484888 -0.95233 0.408917 1.09002 -1.67909 -0.331004
0 0.0622709 -1.36162 -0.185821 -0.662701 -0.272485 0.687681 -2.16169 0.705205
0 -0.996418 -0.872381 -1.1483 1.17177 0.0476793 -0.386469 -1.01688 1.43024
0 -0.375168 -0.210879 0.509938 0.697916 -0.787301 0.421614 -2.42789 0.021976
0 0.411179 -1.87803 -0.0324152 -0.850266 -0.436058 0.362934 0.652876 1.95007
0 0.313663 -2.39884 0.103273 -0.405772 0.175755 -0.936236 -1.40174 -0.674007
0 0.672488 -0.669794 1.036 -2.57521 -1.35617 -0.167745 -1.25008 0.399058
0 0.740212 -0.495726 -0.986086 -0.572666 -1.26969 0.361521 -0.733727 -0.859626
0 0.359898 -0.573424 -1.4508 0.851827 -0.138664 -0.0952516 0.98934 0.493485
0 0.379186 -0.942863 0.585246 0.179719 -0.584112 -0.855005 0.336549 -1.97839
0 0.458191 0.239181 -1.13003 -0.293591 -1.19153 0.0231785 0.745385 -0.0813594
0 0.967432 1.35069 0.211817 -1.06766 1.64876 -0.031535 -0.499802 1.13532
0 1.93014 0.220636 -0.553255 1.07828 1.39162 0.433376 0.522285 0.150174
0 -1.53183 -0.387654 0.316663 0.240944 0.0533735 -0.799154 0.342431 1.25022
0 0.375385 -0.363887 -1.80406 -0.740936 1.04357 -0.563109 -0.429088 2.02551
0 1.44313 0.995798 1.33586 -0.0469759 -0.575085 1.40273 -1.33995 -1.20941
0 1.06128 0.0859093 0.578673 0.661151 -1.39753 -0.0157629 -0.466196 -0.0892817
0 -2.28329 -0.622565 1.56511 -1.80613 0.245188 -0.562852 -0.39624 1.25415
0 -0.349832 -1.24845 0.327032 -0.212232 0.725095 -0.598451 -1.0469 0.890107
0 -0.184891 -1.08279 1.05596 0.234842 -0.146691 0.505504 -0.650158 -0.659931
0 -0.848622 -0.671585 0.372144 0.30898 -0.290989 0.131319 1.47182 -0.913656
0 0.132034 -1.40925 1.10568 1.3078 0.779212 1.31738 -0.357291 -0.477217
0 1.87908 -0.438433 -0.863368 0.144322 -0.337191 -0.946665 -0.439941 -0.64203
0 0.285851 -1.07167 0.484874 0.435855 0.0197301 -0.721023 1.0642 -0.451906
0 -1.40898 -0.102756 -0.721666 -0.583279 -0.698545 1.27013 -1.84879 -0.097683
0 -1.16793 -0.550399 1.76455 0.717968 -0.119206 0.169488 1.35778 -2.48187
0 2.53734 -0.47371 0.59931 -0.347419 0.363156 -1.09495 0.61985 0.596396
0 -0.15761 -1.58607 -0.305239 0.861154 -1.34825 -0.470836 0.935874 -0.826702
0 -0.379247 1.41307 0.31869 -0.929261 -0.454767 0.468648 0.882062 -0.947872
0 0.811689 0.192566 -0.528884 1.98225 -0.22109 -0.242151 1.09335 0.0188534
0 -0.0709622 2.30073 -1.69852 0.535205 -0.653666 -1.04295 -0.599848 -0.651317
0 -2.20378 -0.327438 0.0081368 -0.412017 -1.9888 -0.0321021 1.7507 0.528913
0 0.730217 0.054627 0.0570453 0.0329948 -0.436673 -0.675168 0.178348 0.077137
0 0.161795 -0.640232 -0.812584 1.20038 -1.20127 0.130142 -0.36182 0.504546
0 -0.347158 -0.785744 1.20742 -1.50512 -1.35991 -0.851928 0.468868 -1.61679
0 0.376885 0.42924 -0.318605 1.54055 0.742416 0.31425 0.249155 -0.2429
0 0.408932 0.421852 -0.571963 0.480128 -0.260427 0.412289 -0.877991 0.270946
0 1.21592 -0.156998 0.586268 -0.175839 1.16926 -1.08474 1.83565 0.76635
0 2.26181 -1.4698 -1.51153 0.906883 -0.385116 -1.07692 -0.043898 2.28874
0 0.450198 -2.30576 -0.769282 -0.657421 -1.59848 -1.04793 -0.0923431 -1.73785
0 -0.341545 -0.927194 -0.395994 0.0702419 0.335554 0.190753 0.20989 0.42568
0 -1.92841 0.501675 1.47192 1.11487 0.868714 -1.54961 -0.0815261 1.3882
0 0.79353 -0.442935 -0.186069 0.0318169 -0.228978 -2.08058 -1.40492 -0.786268
0 -0.238309 1.02356 1.82179 0.944469 -0.561217 -0.374621 -0.335063 -0.254402
0 0.373385 -0.15058 -0.0504508 0.440413 -0.758593 1.04192 -1.3283 -1.69366
0 -0.991013 -0.853536 0.403576 0.974268 0.0766193 0.474851 -0.581791 0.927994
0 -1.0913 3.30293 0.0556943 0.15325 0.40943 -0.241714 1.7273 -0.423758
0 1.76806 -0.237585 -0.332601 -0.14047 -0.957655 0.544285 0.361811 1.12367
0 -1.36814 -0.786819 1.6881 -0.767126 2.33564 -1.004 1.62789 -2.74519
