0 -0.284007 -0.796451 -1.02366 -0.709743 -0.747801 -0.592296 -1.0296 0.132256
0 -0.569314 0.0537324 -0.236173 -0.048505 -1.28313 -0.130587 -0.281408 0.0764065
0 -0.573698 0.909135 -0.830335 -1.39719 0.484421 -1.4565 1.84276 0.55246
0 -0.803008 -0.407423 0.896448 0.584698 0.661793 -0.309779 0.785887 -0.114534
0 0.173057 1.39912 -0.866285 0.665169 -0.256296 0.401493 -0.816525 -0.344501
0 -2.16953 -1.3293 0.867486 -0.257821 -0.771428 1.02684 -1.731 0.0757049
0 0.134421 0.804483 0.320665 1.1324 1.01325 -0.114653 -0.0601894 -0.286799
0 -1.19789 0.0331723 -0.22685 1.26765 0.893471 -0.190109 -0.206669 0.422643
0 -0.155339 -0.921983 -1.15736 -0.299572 -1.22272 0.00989205 0.362447 -0.761779
0 0.365381 -0.715454 0.048052 0.0554015 -0.32886 -0.761781 -0.266923 -0.226747
0 -0.613764 -0.994085 -0.751695 0.079314 -0.0864272 -0.212058 -0.0109743 -1.53539
0 0.176565 -0.683876 0.500515 1.78098 1.36052 -0.962203 -0.403918 0.525459
0 1.03301 0.412039 0.192804 0.102622 1.18828 0.477262 -0.0645212 1.77001
0 -0.484901 -0.289704 0.146472 -0.299547 -0.161438 -0.746074 1.05334 -0.668529
0 -0.591652 0.64511 -0.263527 -1.02253 0.275302 -0.351839 -0.415021 0.749583
0 -1.24612 -0.76153 -0.97348 1.2995 0.222828 -0.409028 1.45432 0.888581
0 -0.872971 -0.363204 0.0747971 0.996852 1.12365 -0.0923767 0.923468 -1.16086
0 -0.221076 0.820674 -0.0824456 -1.01332 -0.851325 0.719067 -0.147165 0.185134
0 1.1562 -0.311658 2.70796 -0.705084 -0.466651 -0.0372897 0.676377 -1.04812
0 0.315342 -0.977836 -0.312306 1.08871 -0.918375 -0.128568 0.834525 0.426372
0 0.172323 -1.10363 0.182591 0.903166 0.561443 -0.128972 0.219972 -0.217126
0 1.94074 -0.470319 0.142546 -0.734499 -0.10335 -0.233457 -0.302313 -0.695234
0 0.205933 -1.01645 -0.59292 1.61995 -0.248404 0.687139 0.0651467 0.444751
0 -0.530342 -0.710196 -0.874937 -1.48647 0.176207 -0.159121 0.825351 0.88359
0 -0.662879 -0.316678 1.2587 1.85347 0.667945 0.994729 -2.46467 -1.89663
0 -1.64212 0.123771 -0.773148 -2.65341 -1.93665 -0.320394 1.37513 1.56309
0 0.507901 -0.76103 0.306539 0.451261 0.449006 -0.0633577 -0.489777 1.02452
0 1.69318 0.187962 0.881787 0.551782 -0.253061 0.0517149 0.447404 -0.812174
0 0.694151 -0.691997 0.876167 0.413204 -0.57964 0.0399832 1.10621 -0.282854
0 -1.42758 -0.67507 1.04279 1.32806 -1.10226 0.0177911 0.235473 -0.196495
0 1.304 1.70151 -0.743382 0.159931 1.51486 1.11549 0.0122207 -0.481183
0 -1.20834 -0.0763106 -0.39968 1.32013 -0.380886 0.496031 0.275884 0.618607
0 -0.748438 -0.338543 -1.63328 -0.00749101 0.159033 0.0319424 1.15525 -0.168162
0 -0.450272 1.60121 1.85605 -0.878008 -0.409926 -0.686084 -0.321429 0.735662
0 -0.0507442 -0.307942 1.07642 0.666464 -0.653428 -0.984268 0.380472 -0.0763022
0 0.475499 -0.354052 -1.37888 0.794119 -2.04754 -0.0781117 1.25445 0.0595789
0 0.695701 1.90883 0.44804 0.188469 -0.0102039 0.295812 -0.448571 0.486881
0 0.465108 -0.954323 1.59235 -0.558308 1.3445 0.964508 -0.807499 -1.18454
0 -0.375916 0.110685 -0.17046 1.22673 0.249907 -0.700622 -0.590307 -0.501035
0 0.708506 0.625721 -0.417935 0.643909 -0.0321628 0.00548754 1.88653 0.0049098
0 0.364008 -0.200598 -0.94117 0.627117 0.468603 0.0925356 0.0198599 -0.397234
0 0.142959 0.916546 -0.621023 -0.232002 0.390277 0.998802 0.337439 0.869155
0 1.76463 0.481885 -0.147982 0.436966 0.290802 0.756238 -1.45722 -0.352024
0 0.784907 0.974448 -0.283536 -0.311203 0.342775 1.91817 0.379635 -0.895981
0 0.0473048 0.233802 0.776054 -1.5789 -0.921448 -0.737767 -0.0736633 0.034157
0 0.00920205 -0.391137 0.992122 -0.138253 -0.611962 -0.874392 -0.821671 0.807561
0 -1.33013 -0.108135 -0.425253 -0.179618 0.760958 -1.11253 0.598024 0.00224367
0 -0.072399 0.44127 0.533731 0.165499 -0.0956545 1.20954 -0.991445 0.18563
0 0.511022 0.176246 0.473612 0.238984 0.680304 0.233665 -0.513129 -0.0677088
0 0.838511 -0.071779 2.24498 -0.539232 -0.592648 -1.32525 -1.94076 1.59363
0 -0.826753 -0.248018 0.874363 -0.121757 1.82042 -0.310939 -1.1263 0.458882
0 -0.871892 -1.10639 -0.609934 0.482758 -0.0884578 0.777024 0.655938 -0.594578
0 -0.499788 0.185605 -1.03705 1.07267 0.725587 0.486655 0.0777766 -0.376267
0 -0.694051 0.566039 -0.787871 -0.6491 1.32809 -0.0676022 -0.0281783 -0.333541
0 0.420183 0.455007 -0.463907 -2.27985 0.226565 0.375149 0.267425 -0.878893
0 1.45901 0.253333 -0.321127 1.09213 -0.286665 -1.14186 1.04305 0.176005
0 0.0720114 -0.108926 -0.428263 -0.175646 -0.766652 1.59293 0.198852 0.460818
0 1.54184 1.5524 -0.949933 -0.534987 1.22918 -1.10272 -0.261243 -0.892142
0 -1.53758 0.25174 -0.311032 -0.100565 -0.373097 0.494118 -0.166635 0.0102645
0 -0.545047 -0.104863 -0.830408 -0.925449 -0.292645 0.53103 0.00190915 -0.177096
0 0.356013 -0.287724 0.496065 0.101662 -0.71667 0.0670306 0.449885 0.861698
0 0.64096 0.00536286 -0.196234 -1.24674 0.128815 0.31613 -0.377028 -0.149652
0 -0.282765 -0.765373 -0.291662 -0.491308 0.090675 0.72152 0.170376 1.21748
0 0.574432 -1.79913 -1.10183 0.614549 -1.57688 -0.50194 -1.8492 -0.106673
0 -0.0641802 0.108677 -0.539392 -0.392401 1.07489 -0.138113 -0.192575 1.02601
0 -0.999582 1.04232 -1.60284 0.273854 -0.131291 0.987554 0.759915 0.218867
0 -0.988196 1.08165 1.16087 0.196373 0.762891 -0.130377 -1.25111 0.55948
0 0.874969 0.186906 -1.84109 -0.0817117 0.49481 -0.490169 -0.0233632 0.892802
0 -0.495023 1.24952 -0.0297119 -0.618813 -0.31794 -0.6449 -0.664559 -1.18015
0 1.93435 0.126744 0.260976 -0.322058 0.397962 -0.459968 -0.847977 0.967003
0 0.492545 -0.549971 -0.113863 -0.892312 1.65486 0.919722 -1.4369 0.28051
0 -1.81342 -0.506789 -0.384587 -0.293331 2.37137 -1.08595 0.107092 1.3315
0 -0.573854 0.513587 -1.25916 -0.734091 -0.123198 -0.0837435 0.778432 0.400977
0 0.586702 0.127017 0.0987091 0.327569 -0.384591 -0.272878 0.328074 -1.24986
0 1.38324 0.546279 0.96227 0.765623 1.74287 -0.660216 1.85111 0.0476192
0 0.886755 0.194712 -0.643581 0.0349885 -0.18076 0.51683 -0.673218 1.14812
0 -0.467276 -0.459667 -0.602936 0.211938 0.13684 0.430614 0.65667 0.500642
0 -0.48909 -1.02233 -0.939898 -1.42003 0.702518 -0.553765 -0.998225 0.730241
0 1.13522 -1.57669 -0.281523 0.329038 0.294766 -0.429285 0.317205 1.05789
0 -0.0990346 0.541595 -0.429873 0.00741941 -0.413183 -1.50181 0.158715 0.386467
0 0.674612 -1.20623 -0.418652 -0.338295 -0.207854 0.238111 -0.402309 -0.0595639
0 0.201432 -0.524611 -1.04162 -1.09838 0.0693338 0.440209 -0.720124 -1.5964
0 0.409363 -0.481839 0.333088 0.958966 -0.557676 0.945388 -0.916942 -0.253498
0 -0.769953 -0.0119739 0.207887 0.222648 0.149732 1.18499 1.34883 0.111831
0 -0.196369 0.581877 0.801839 0.210491 -1.51768 0.559308 0.020587 -1.21178
0 -0.287795 -1.25721 -1.13592 -0.271033 0.565938 0.0506884 0.300242 0.0825595
0 1.08084 0.379067 -1.24338 -0.55314 -0.187608 1.36054 0.107672 -0.229128
0 -0.534661 1.38118 1.44834 1.04339 2.4797 -0.34954 -2.44637 -0.401847
0 0.140467 -0.721067 0.666359 -1.00934 0.567469 0.415772 0.479596 -0.33889
0 -0.0505 -1.26536 -1.14358 0.513654 -1.4443 1.51849 -0.425167 0.599834
0 -0.268038 0.0757772 -0.155372 -0.52128 0.173177 0.0134434 0.544117 0.258314
0 -0.708076 -0.723026 0.405703 0.543974 0.398647 0.810114 -0.446594 -0.147119
0 0.012898 -0.330765 -1.62544 0.308602 -0.702209 1.61446 1.95466 0.750613
0 0.395054 -0.3674 -0.880462 0.663129 0.763539 -1.47463 0.233548 -1.31406
0 -0.306989 -1.71111 0.291687 -0.202141 1.3017 0.831054 0.330403 0.385536
0 -0.761065 0.899662 0.53841 0.654829 -0.253867 0.468887 0.534134 0.526621
0 -0.188381 -0.84184 -0.407362 0.754142 -0.291292 -0.439223 -1.34942 -0.0763839
0 -0.440864 -0.547401 -0.434421 0.671527 -0.811302 -0.928023 2.07863 -0.19341
0 0.100337 -0.747545 1.41211 0.683957 0.00394457 0.0210866 -0.661629 -0.628068
0 -1.35547 -0.837589 0.0717123 -0.965516 -0.624053 0.91457 -0.400182 -0.353222
0 0.452193 0.720913 -0.25349 0.107161 1.76617 -0.375945 1.53166 -1.24123
0 1.84679 1.22918 1.84918 1.07468 1.57393 -2.02195 3.27425 -2.35778
0 -0.484744 -1.40429 0.0755501 0.822 -0.389397 0.634601 -1.98632 1.019
0 0.824775 -1.20439 -0.591269 0.904942 -0.163523 0.328757 -0.156907 -0.436349
0 0.21181 -0.803635 -0.0169235 -0.0914581 0.948608 -0.132155 0.572642 0.135208
0 -0.677285 0.184968 0.368556 0.153484 1.33674 0.326493 0.751531 0.141838
0 0.241406 0.0714521 -0.0367246 1.34159 -0.970575 -0.652654 -0.286164 0.0925881
0 0.601147 -1.33256 -0.829177 1.35236 0.821869 1.35402 1.20531 1.15752
0 -0.685042 0.687303 0.571874 0.0239778 0.328652 -0.855051 0.0232451 -0.495719
0 -0.748769 0.916073 0.737004 -0.4768 -0.171938 -0.411138 0.826445 1.29397
0 -0.302893 0.102709 0.273851 -1.05368 -0.0651541 -0.980052 0.505257 -0.354013
0 -0.775396 -1.27309 -0.174379 -0.368815 -0.0402907 -1.32047 1.30539 1.55513
0 1.11336 -0.988075 0.139309 0.0199812 0.444599 -0.088425 0.276584 -1.12886
0 -1.36887 -0.0309533 0.770459 0.761241 1.27049 0.792955 0.221357 -0.840224
0 1.84613 0.228348 -0.0478571 0.128531 -1.05173 1.48704 -0.407405 0.389679
0 -0.577175 1.29939 0.291422 0.535324 -0.256011 -0.469561 1.53537 -2.01089
0 -0.755974 -0.644441 0.599677 -0.664053 -1.55421 -0.185261 -1.06317 0.164685
0 0.494035 0.289882 -0.345935 -0.402476 1.25152 0.990678 0.747168 -1.29297
0 0.0284275 1.18221 -0.623629 -0.717655 0.160184 0.694602 -0.681864 -0.0658433
0 1.70829 -0.299172 -0.455005 -1.11673 0.631559 -0.146394 0.0792853 0.438031
0 0.427121 0.800023 -0.0194069 -1.86098 -0.173912 0.131124 -1.49794 1.18892
0 -0.338857 -0.0834502 0.106149 0.264402 -0.378423 0.202689 0.15868 -0.337567
0 0.480108 -0.652371 -0.311187 -0.742346 0.502618 0.454997 1.78593 0.381667
0 -0.93346 1.07747 -0.494446 -0.175561 -0.757038 0.576239 -1.76913 -0.80371
0 0.216897 -0.691982 -0.0387009 -0.709863 -1.00967 -0.359283 0.345234 -0.00450939
0 -0.338091 0.634303 -0.995928 0.204835 -0.0784164 -0.118134 -0.164351 -0.00234986
0 0.653 0.994488 0.725113 -0.55753 0.136713 0.413615 -0.207895 -0.477953
0 -0.815313 -1.13656 -0.0667248 0.0952395 -1.49296 -0.512704 0.159623 0.665913
0 1.6855 -0.23047 -0.084686 1.29872 0.304589 -0.189586 0.0688692 -0.371945
0 -0.62561 1.95587 -1.3944 0.715833 -1.31462 -0.0217136 -1.21585 -0.371835
0 -0.505104 -1.00843 -0.639461 0.755102 -0.160745 -0.860894 0.152342 -0.223993
0 1.03888 0.232458 -0.696413 -0.835906 -0.856104 -0.73382 -0.130973 -0.542957
0 0.268904 0.0260854 -0.616407 0.281268 -0.553147 0.163507 -0.858477 0.385539
0 0.626015 0.902134 -0.264185 -0.223511 -0.839987 0.14866 0.162834 -0.924416
0 -0.376678 1.20279 -0.346293 -0.738346 -1.16956 -0.348919 1.72845 1.26688
0 -1.60777 1.10618 0.946782 -0.682977 0.965681 1.53144 0.509499 0.0761463
0 0.0115321 -0.865305 -0.801407 0.737415 1.17353 1.06822 -0.818657 -0.0920829
0 -0.561134 -0.589517 0.294884 -0.017661 0.733652 -1.20795 -0.652551 -0.317161
0 -1.2984 0.661132 -0.959498 0.233872 1.27627 -0.28804 -0.610677 -1.72847
0 0.607841 -0.850045 0.5891 -0.398146 0.230419 -2.02545 -0.321661 -0.565491
0 -0.555109 -0.803109 0.54063 0.169354 -0.784845 0.305525 0.298107 -1.07527
0 -0.764403 -0.372445 1.55285 0.192974 0.440813 -0.295111 -0.312445 0.737087
0 0.705046 -1.61648 -0.186583 0.701491 0.703851 -0.487577 -1.0557 -1.68793
0 -0.659366 0.0424759 -0.27335 -1.76318 2.31352 0.755033 0.0608636 0.765039
0 -1.31091 -0.64129 0.223445 1.40637 0.162916 0.242589 -0.964413 -1.16184
0 0.75267 0.945377 1.88968 0.650382 0.496692 -0.153991 -0.151001 -0.231694
0 0.885196 -0.821368 0.0932286 -1.07666 -1.71694 0.478327 0.259231 -1.01658
0 -0.624544 -0.174177 -2.42731 0.582561 0.300345 0.533872 -0.455708 0.88612
0 -0.390088 0.141131 -0.72517 -0.576721 0.855083 1.05282 -0.0139834 -0.113128
0 0.984953 0.577661 1.05833 -1.57317 0.0217238 -1.0776 0.426591 -1.05203
0 0.233366 -1.39488 -0.413178 -0.92045 0.726411 -0.474201 0.150684 -0.838109
0 1.09201 -0.663955 0.359274 -0.19128 -1.51567 0.412153 -0.201658 0.305447
0 0.816629 -0.228649 1.7011 0.0877859 0.841342 1.04006 -0.634544 -0.0288993
0 0.878002 0.749328 1.7261 1.1585 -0.670656 -0.439254 -0.682716 1.36332
0 0.397908 -0.657861 0.182347 -0.295803 0.138917 0.408943 -1.38708 -0.554576
0 0.558368 0.272012 -0.455056 -0.544075 0.0921204 -0.616144 -0.966724 0.561376
0 0.525697 -0.784833 0.974123 -1.26867 -0.367397 -0.107632 0.819039 -1.10192
0 -0.785543 0.8763 0.0982063 -0.629751 -1.25326 -0.505182 0.995308 -0.369102
0 1.82999 0.820076 -1.62012 1.02849 1.21762 0.068666 0.118647 0.281315
0 -0.0445337 1.04913 0.15286 0.217714 0.289691 0.337376 0.481543 -0.294429
0 0.164688 -0.781081 1.17663 -0.517036 -0.235537 -0.0183477 -0.251225 0.0725268
0 0.438938 0.414086 -0.0777403 0.488773 -0.813626 0.842689 0.476186 0.163112
0 0.518883 -0.490845 0.265223 -0.129491 -0.199531 1.2237 0.118276 0.480731
0 -0.0997541 -0.617041 0.45204 -0.882098 0.130427 -1.13595 -1.02066 -2.24034
0 -0.46495 -1.05861 1.01739 0.308462 0.038468 0.686729 0.318594 0.707746
0 0.717876 0.600574 0.131133 -0.590444 0.692013 0.131331 1.04598 -0.106206
0 0.495135 -0.541146 1.42138 -0.922914 0.440017 1.10507 -0.161661 1.28356
0 1.22375 0.348186 -0.703952 -0.259712 0.758213 0.120486 -0.24362 -0.657073
0 1.22657 -0.785068 -0.650436 -0.569154 -0.785449 -0.979782 -0.806894 0.809861
0 0.00968902 0.663037 1.34804 0.384189 0.765335 -0.933322 0.779699 1.68842
0 0.0294251 0.700101 0.614411 1.27261 0.0831809 0.499129 -0.219819 1.53073
0 -0.682487 1.42624 -0.00932072 -0.198074 -0.500946 1.38233 -0.0903413 -0.389721
0 -0.85807 0.13063 1.81988 0.13748 -0.728878 0.487821 1.84423 0.619129
0 0.330121 0.999693 0.0553492 -0.27137 -0.943042 -0.205154 -0.139214 0.447894
0 -1.30522 0.191815 -0.0784915 -1.86603 -0.219484 1.93761 -1.93521 0.436787
0 0.02703 0.0570513 0.0640093 -1.61794 1.45185 -1.30142 -0.453259 -0.532813
0 0.0550328 -0.873539 0.00273506 -0.83681 0.218512 -0.583954 -0.641912 0.418676
0 -1.04322 1.24679 -0.172645 0.619502 0.516431 -0.764973 0.330926 0.33308
0 -1.51148 0.713884 -0.541265 -0.0470747 0.253428 1.1495 -1.32587 -1.77167
0 0.451502 1.15889 0.168789 -0.0307214 0.674915 -1.20402 -0.00228856 0.169846
0 0.0950198 -0.358532 0.0719109 -0.846058 -0.719436 1.6912 -0.0671297 -0.951359
0 -0.472159 -0.161987 -0.053809 0.427583 -0.146958 0.962165 1.58585 -0.926002
0 -0.192802 -0.0257649 -0.397876 -0.406059 0.662499 -0.089472 -0.0755193 -0.901663
0 0.194826 0.472469 -0.709805 -0.550544 -0.634292 0.707493 1.53234 -0.363714
0 0.607964 -0.35642 0.668455 -0.16764 1.35092 -0.599319 -0.130242 0.0355147
0 -1.16887 0.386431 0.721221 -0.505398 -0.191078 0.445874 -0.0507221 0.773876
0 1.38216 -0.348983 -0.594885 0.0324297 -0.386444 -0.287418 0.6427 0.0350379
0 -0.362618 0.692042 0.738951 -0.759186 1.2001 0.574053 -0.357009 0.511696
0 -0.41525 0.312641 1.18823 -0.154371 0.0914663 -0.0420375 -0.193737 -1.17068
0 0.907692 0.986385 -1.05944 0.334028 1.35723 -0.0151638 -1.57568 0.662939
0 -0.98232 -0.139116 0.340606 1.16319 -0.427765 -0.593168 -0.593279 0.177209
0 -1.0452 -0.112483 -1.06549 -0.265996 -0.596609 -1.65165 -0.324197 0.313703
0 0.701472 -0.0631606 1.84318 -0.153557 0.248904 0.201062 0.906609 0.910864
0 -1.29147 -0.238935 -0.0491563 -0.521679 -0.479018 -0.879696 -0.101544 -0.390827
0 0.144779 -0.259494 0.232185 -0.164999 -0.760281 0.730559 0.826935 -0.158541
0 0.216208 1.02734 -1.5682 1.17104 1.48575 -1.07512 0.0684201 -0.874814
0 -0.690366 0.209743 0.240751 0.667016 0.424934 1.21288 -0.280567 -1.30395
0 0.878497 0.389768 0.731758 0.0644628 -0.967836 0.352233 -0.669517 -0.392829
0 0.663893 0.530595 -0.577451 0.769989 -0.905038 -0.814282 -1.28532 1.99697
0 0.176415 0.14628 -0.877681 -1.23916 -1.72166 0.176093 0.0118197 0.0713055
0 -0.828583 0.411945 0.933726 -1.50288 1.22883 -0.288075 0.341203 -0.575392
0 0.563306 -0.0427385 -1.28526 0.603698 -0.975513 0.533285 0.341774 -0.494436
0 -0.777006 -0.785889 0.331067 -1.06489 0.443142 1.09388 -0.421944 0.370889
0 1.05874 1.82022 0.633278 1.82488 -0.0243343 1.19016 -0.740507 -0.204568
0 1.19007 0.085052 -0.474798 0.434919 0.519454 -2.60222 -0.217397 0.96632
0 -0.925149 0.499867 -0.126549 -0.450637 -0.201259 0.386204 0.120358 -1.2993
0 -0.545989 -0.081585 1.2287 -0.765749 0.298025 0.0237357 1.46081 -0.427606
0 0.378354 -0.379625 -1.17279 -0.865534 -0.174522 -0.475141 0.65308 -0.100755
0 1.95 -1.39088 -0.0284511 1.50826 1.27739 -2.86963 -1.55599 -1.14009
0 -0.12916 0.914445 -1.02592 0.221179 -0.731373 -0.532133 0.628535 -0.826965
0 0.258065 2.16084 -1.28605 -0.381605 -0.31013 -0.0161226 0.18214 -0.175808
0 -0.494868 2.14553 1.4807 -0.287055 0.459983 0.55938 1.61181 -0.342203
0 -0.462677 0.0807522 -0.381889 0.130377 0.527655 -0.186729 -0.903688 0.175252
0 -1.18543 -0.383703 0.848915 -0.927181 0.0611272 -0.397856 -1.16717 0.0583893
0 -0.356538 0.856169 -0.022623 0.707147 0.790748 0.392911 1.33026 0.402298
0 0.812074 1.29621 0.199297 0.771248 -0.583918 -1.13003 -0.299281 -0.60598
0 -0.40501 0.0519297 -0.122037 0.687602 0.278389 -0.599617 0.665444 0.19873
0 0.907344 0.0515987 -1.1247 0.590535 0.626062 0.802102 1.1068 0.351599
0 -0.472641 1.2668 0.231051 1.14459 -0.850327 -0.0757622 -0.592936 -0.285389
0 -0.488773 0.577112 0.129536 1.70155 -0.869887 -1.25538 1.3233 -1.01313
0 1.59065 0.896722 -0.211064 -1.09085 -0.518439 0.0245471 0.251056 1.37155
0 -0.875178 0.451659 -0.464306 0.0286877 -0.260742 0.0138548 -0.419644 1.14168
0 0.940156 -0.411521 -0.189105 0.417356 0.574718 1.46124 0.164482 -0.251002
0 0.177837 -1.38441 -0.52823 -0.504992 -0.1164 1.25971 -0.170651 -0.332577
0 -1.08521 -1.24417 0.0294905 -0.0312776 -0.144242 -0.111426 -0.300593 0.249299
0 -0.0163999 -0.218403 -1.62785 0.0632292 -0.136591 0.0681777 -0.67713 -0.711987
0 -0.241309 -0.205989 0.429872 0.543627 1.17558 1.40267 -0.376544 1.15888
0 0.903934 -0.0177567 0.172308 0.414454 0.483931 0.364346 0.640866 0.57386
0 3.60873 2.57332 -0.330131 0.59244 1.91847 -1.47913 1.65309 -1.16897
0 0.143321 0.472255 0.507689 0.459015 0.0254557 -0.0137457 0.0599463 0.774041
0 0.209823 0.493994 0.0601222 0.0344337 -0.865243 -0.915609 -1.32947 -0.758845
0 0.944577 -0.0542411 -0.553223 0.581453 -1.45776 -0.965349 -0.177081 0.947097
0 0.360347 -0.090103 0.307798 -0.759152 0.20063 -0.727335 0.594775 0.8481
0 -2.26104 0.740936 0.439971 -1.05512 -0.221476 -0.945377 0.754653 -0.361045
0 -0.930604 0.612025 -0.49597 1.25609 0.146659 -2.6889 0.562596 -0.0535174
0 -0.382484 -0.365974 0.367199 2.02557 -0.105821 -0.359897 0.800309 -0.160642
0 -0.0498579 -0.665769 0.0712242 1.27063 -1.26236 -0.54038 0.747964 -1.18565
0 -0.638411 -1.9304 0.414471 -0.899128 1.4912 -2.10522 -0.669759 -1.28823
0 -0.324436 0.989394 0.0757718 0.214176 0.00476589 -0.696066 -1.04282 0.330436
0 -1.04061 0.36903 -0.401348 0.730549 -0.69177 -0.688912 0.689198 -0.19876
0 -0.0505949 -0.358883 0.716229 -0.55707 -0.647338 0.545914 -1.03011 1.0376
0 0.590071 0.405791 0.0866544 0.814605 -0.579935 -0.151177 1.21163 1.16478
0 0.547354 0.252954 0.851579 -0.00320879 0.0919022 -1.12103 -0.0820025 0.12354
0 1.07759 -0.112112 -0.3061 0.660877 0.665915 -1.08678 -1.02725 -0.0979544
0 -2.2819 -0.784064 0.202057 -1.91 -0.00300603 -1.62092 1.0065 -0.0845646
0 0.453757 0.339499 1.25843 1.00399 -0.584948 1.00941 0.0797411 0.24903
0 -0.178087 -0.395599 -0.348892 0.308443 1.54364 0.0152465 -0.324004 -0.0924451
0 0.639962 0.479811 -0.108028 -1.63094 0.0900789 -1.78276 -0.449832 0.975838
0 -0.184426 0.273178 0.578036 -1.87051 -0.0264552 0.163535 0.748085 0.555114
0 1.35836 1.75688 -0.171286 -0.330335 1.00956 1.29074 -0.167897 2.24714
0 -0.483459 -0.465506 -0.288401 0.0867972 -0.220747 -0.907929 -0.0823778 1.09149
0 -1.56517 1.21232 1.02929 0.487164 -0.508247 -0.156182 -0.300013 -0.341911
0 0.61429 0.583773 0.487585 -0.602041 -0.690361 -0.237992 1.00698 0.035613
0 0.226131 0.514157 0.562499 1.63929 0.903231 0.566025 -0.53641 -0.682115
0 -0.0254306 -0.0770171 -1.01223 0.515305 0.653375 -1.18078 0.336326 0.527495
0 -0.0650414 0.960115 -0.842241 1.10015 0.998294 -0.0394727 0.228205 0.746061
