0 -67.4444 -32.1667 -0.861111 -4.08333 -44.9444 39.9444 -4.86111 -6.16667 -15.5556 -2.05556 -18.6944 -0.972222
0 17.8776 77.148 36.5153 -0.811225 75.0306 -20.0612 65.4949 -26.4949 -36.9082 -98.3061 -56.0714 -61.4082
0 51.1731 95.3731 10.9077 39.9808 -12.2154 47.4846 -33.1731 20.6077 -15.2038 21.3385 -3.56538 -30.8462
0 2.93056 49.8056 12.7222 41.7361 -14.3611 -5.47222 -39.2639 -26.5 12.5833 20.6667 -14.8889 -38.6528
0 2.50476 77.4286 -46.9809 -82.9143 97.6667 -18.3619 65.7143 -32.7429 3.98095 -61.7143 -16.419 -9.34286
0 17.75 109.457 63.1956 -15.8913 -14.9511 -89.5489 7.5163 -4.59783 -21.0598 -1.34783 -37.0272 -60.712
0 70.1581 87.8803 82.2479 47.1709 25.0598 -43.7265 24.1197 -52.2479 27.8632 -1.98291 -37.3846 5.32479
0 39.2167 111.567 -68.5667 -50.4167 -89.1 -49.2333 -55.35 -50.1167 -21.85 -6.98333 11.8667 3.06667
0 52.4863 100.096 87.9726 26.9658 33.8185 -24.6849 -2.31164 -4.38014 12.3664 -14.7432 -14.0582 -74.1096
0 2.9913 7.64348 -6.5 22.6261 -12.4522 -10.0913 8.13913 -1.93913 -9.43044 -2.71304 2.06087 2.12174
0 46.1907 102.631 50.9915 2.86864 45.1907 45.3771 -17.9025 12.8644 15.161 5.69915 -8.08475 -43.2161
0 80.5702 -45.3246 33.7807 18.8772 10.7368 -59.7895 27.886 -19.3684 -13.9912 -51.307 -10.386 15.4035
0 80.9653 101.639 42.3854 76.3125 29.7465 48.6597 6.81597 -25.7778 -30.3403 -8.24306 3.5625 25.0556
0 69.6324 102.794 53.5929 52.2885 64.4901 12.1818 34.8221 -31.8696 -16.3202 -47.4308 -37.5455 -16.5375
0 29.093 -36.6124 28.2558 -13.2171 5.92248 -40.155 23.155 6.54264 -13.3411 34.8062 -55.0698 0.651163
0 117.681 -108.815 3.25926 -42.1259 -11.0593 -6.84444 1.67407 7.31852 -19.6593 -31.1926 -0.533333 -33.1704
0 -0.275862 -29.6305 -26.0098 56.1823 23.1034 -48.3695 9.61576 -14.6453 -55.3547 33.9951 -4.53202 -6.33005
0 65.3139 -73.7883 -39.7299 -55.8613 10.3285 18.0146 18.1606 -5.88321 6.41606 29.4161 -33.0584 -55.9781
0 6.51724 75.2586 -39.2328 -7.62931 -37.819 -39.9224 -33.319 -15.1121 -33.0776 -23.8879 4.87931 -19.4914
0 16.6136 74.4242 -4.34848 44.0303 -97.3788 -33.5985 110.705 92.197 53.6591 -4.51515 10.3788 -3.84091
0 1.04587 -40.3119 15.6239 -20.2752 -41.5046 4.78899 -8.34862 -30.0275 -9.14679 50.6055 -42.8532 10.3119
0 20.4182 91.7864 106.155 -21.7409 22.8909 -91.4091 5.38636 -21.9455 17.3773 40.9818 0.95 -35.1455
0 68.9906 101.047 58.0981 39.986 34.5935 15.6589 -13.5607 -38.715 30.9953 46.6729 -23.743 -25.3785
0 29.4452 83.3562 46.9384 -13.4521 -10.0548 -72.6233 0.780822 -64.5411 -26.3767 -18.1164 -40.7055 -19.5959
0 -7.76296 33.3556 -1.48889 -62.2667 28.5852 -21.7778 17.6296 -4.4 1.57037 3.06667 -21.5556 33.8222
0 48.9221 -36.0844 29.2078 -30.4935 -41.0065 -0.928571 -11.4026 -18.3377 44.0974 30.9351 6.36364 34.7662
0 29.7256 104.591 -107.146 -49.0183 73.4207 74.3597 51.3476 -18.3476 -29.75 -0.371951 39.7439 33.1219
0 39.2817 14.0986 -36.8451 1.50704 3.59155 24.8028 62.5634 -19.9014 3.5493 -13.8732 -1.22535 2.11268
0 94.3823 -43.549 59.0588 11.9804 15.3235 -31.8235 9.09804 -43.5 7.21569 -26.9118 31.549 31.8039
0 6.90643 5.60234 -25.7193 36.5848 -70.8246 -21.1871 53.269 16.9708 24.655 26.117 -18.5263 6.02339
0 -3.76378 73.5433 8.06299 -27.7323 38.3622 18.5433 -15.4724 41.1181 -22.7323 25.2283 31.3701 -22.7559
0 -12.7049 3.27869 -8.86885 36.3934 -68.3934 -23.7049 98.4426 41.0328 0.409836 12.3115 27.4918 3.54098
0 26.8523 106.994 53.4602 -35.358 41.6364 -104.08 25.142 -35.3352 -12.2898 -15.517 -8.26136 -37.0909
0 41.1553 81.2783 92.0259 -4.52427 62.4887 -31.7994 4.70874 -9.36246 46.1424 -4.99029 -1.79288 -18.6861
0 -3.2069 -17.2414 85.9224 -26.3276 2.68966 -67.181 35.6638 -18.0086 -11.0259 50.6121 -14.2759 37.8276
0 37.7328 11.75 47.5086 5.37931 42.4052 -4.86207 3.91379 -42.3448 13.6207 -21.2586 -31.9138 -31.681
0 53.6553 97.1408 61.5728 8.90291 11.6068 -56.7815 -6.57767 -2.59223 -3.82039 28.1068 -26.267 -23.5777
0 23.3889 85.2222 -76.8095 -71.1825 39.8968 -30.5714 32.2698 -42.1111 -14.6032 -51.1746 9.2619 38.9048
0 81.7021 106.868 82.7191 64.9745 33.1106 62.8596 -24.1872 -0.017021 14.5532 24.7149 7.99574 -34.1957
0 35.4382 -3.5618 -61.2247 -36.3371 -5.74157 1.57303 10.3708 -1.86517 -3.48315 25.427 -36.7079 20.9326
0 35.6887 -5.45283 1.12264 3.20755 -35.3019 13.7358 -26.8302 19.0755 -11.5472 67.7358 2.89623 2.61321
0 72.1552 -52.3017 27.7155 -47.2759 4.25 0.422414 -6.71552 -4.02586 44.681 40.7155 21.1207 -21.9397
0 -56.3522 58.239 74.1887 -55.9748 37.1761 -8.32704 -26.5975 39.8679 -12.7799 -43.478 10.912 -42.7547
0 -2.81385 82.5368 83.5887 -28.3074 46.303 -28.4675 2.35931 42.3766 -4.47186 -21.4329 -2.96104 -67.9177
0 54.4047 80.3424 82.7354 9.04669 78.1556 -28.1595 28.6148 -37.6537 29.2685 -48.6654 -41.4202 -37.1751
0 38.1858 23.9126 4.84699 36.3279 -34.4754 -69.6721 -4.97814 -14.9399 -16.306 34.8798 -42.776 -6.46448
0 26.32 20.3067 -26.8667 24.5733 -54.12 -33.5867 0.0666669 67.8133 -32.84 25.4667 -22.7867 -15.24
0 32.7869 105.32 43.0902 -11.9754 -47.6393 -53.2705 -18.2951 -6.12295 -6.04098 49.5164 -2.43443 -61.6967
0 83.8182 -85.3939 -8.78788 -5.28788 -21.3636 -13.8333 4.21212 21.2576 -56.8939 32.8333 -48.2273 -29.8636
0 12.5041 51.5124 41.843 -46.7603 79 -75.5868 49.1074 -43.2975 3.27273 -30.6612 -27.3306 -19.5537
0 40.2597 101.831 -8.04762 -23.2078 -49.4632 -84.4632 -24.5065 -60.2208 -11.9524 -8.1342 -20.9654 -37.4416
0 65.6868 84.6477 55.0107 65.7295 -6.33096 53.8719 -21.5552 9.58363 -7.91459 25.1317 17.0605 13.3203
0 62.2678 61.2404 12.9617 51.4426 -17.5956 -18.7814 -0.759563 -6.21858 -23.5574 -3.71585 -10.4372 46.3115
0 5.98214 14.9643 20.4643 17.7857 -42 4.5 12.2143 -5.30357 -8.32143 -19.8036 -14.4464 -63.6071
0 -47.3878 6.12245 72.6837 -45.9184 10.4286 1.57143 -12.5918 25.6939 -13.5102 14.2755 9.61224 -0.581633
0 -10.6 15.3 12.9 -18.8 -7.4 -34.55 56.2 86.5 39.45 9.25 4.75 18.55
0 62.1511 91.9424 35.2662 21.9209 -63.0791 -15.3022 -35.6763 -5.31655 25.0216 58.5683 -13.3381 -5.52518
0 34.8267 89.8465 -38.6832 -23.3861 -22.995 -16.0594 -29.4109 -11.604 -20.8614 27.6238 17.599 8.86139
0 71.7458 -2.58475 55.7966 32.7203 -13.7966 -6.81356 -33.4492 -27.6695 8.31356 1.04237 -1.61864 22.9915
0 48.8047 84.9141 8.96094 71.8516 -68.1172 20.3359 73.6641 76.8594 27.2969 5.8125 7.78906 30.0078
0 -8.21212 10.0758 -23.0152 30.1364 30.7424 -37.0606 -19.3636 -5.12121 46.5303 22.1515 -7.89394 1.5303
0 -6.64835 14.4835 34.978 4.45055 -35.8791 -3.89011 77.4396 19.3077 32.5494 -36 10.1319 -17.2308
0 -41.2057 55.4286 104.291 -54.6457 57.6457 -66.4171 25.5714 36.0057 -13.2629 -14.0171 23.0057 -45.5486
0 17.9192 4.83838 11.8889 6.89899 48.4848 -80.9798 42.3232 -20.7778 -32.1212 6.83838 -45.5657 7.65657
0 -46.7538 66.4923 55.5077 -55.3846 31.7385 -33.0923 27.2923 23.1846 -8.83077 -42.5077 29.9846 -0.353846
0 104.478 -103.622 7.43333 -8.38889 -34.8667 19.8778 -40.5 33.5889 -30.1667 29.5 18.9889 -11.6556
0 76.5195 86.368 85.7143 28.3593 21.329 16.6407 -22.9524 -25.7273 40.5671 -2.88312 19.0952 -7.7013
0 42.0163 65.5691 -14.1626 -0.634146 -75.2032 -57.8537 -56.1789 -51.9187 35.2276 32.2276 -10.5366 5.05691
0 3.41667 48.6029 -34.8725 3.09314 -19.4657 -49.4118 8.05882 -52.4216 3.08824 13.6127 -15.6667 -0.25
0 53.4379 99.2418 -18.8366 -3.29412 -97.7712 -71.4052 -64.4967 -68.549 -16.8039 6.47712 -44.4444 -24.8431
0 56.7397 95.7078 -40.9726 39.6621 33.0959 72.4977 21.2146 14.2648 -66.3516 17.2466 7.52511 18.2785
0 9.7 86.0733 25.0867 -4.96 39.32 -18.5333 20.12 11.2733 10.3467 -41.4 28.96 -12.5
0 35.2143 102.464 46.7381 -17.7976 -23.4167 -34.3333 -53.8095 -46.8333 27.4881 4.40476 -3.42857 -25.9286
0 44.0411 89.4486 29.0658 41.9424 14.6831 -34.2757 0.823045 -34.2881 -40.6379 -23.0947 -36.1934 -34.8025
0 30.8853 95.4968 -55.3631 -41.4713 50.0701 61.1974 32.1529 4.2293 4.29299 25 20.1911 -3.66879
0 89.1034 -47.1724 -2.27586 43.2759 15.3448 4.36207 0.568965 45.1724 -106.552 27.3448 -1.77586 -1.7931
0 47.5424 92.5085 28.0395 7.87006 47.0452 39.7175 11.4915 -9.57062 26.5763 12.6497 21.2316 11.774
0 24.56 80.32 -49.38 6.78 -95.46 -25.58 57.44 81.4 20.8 30.46 24.96 1.76
0 17.5962 29.5577 -95.5673 -85.5865 69.4615 29.1442 71.0192 -35.4904 7.13461 17.6442 -11.9904 -3.96154
0 9.46428 80.9643 -74.5179 -11.2679 -39.7857 1.48214 98.3571 62.7857 35.75 -9.26786 42.9464 33.4643
0 44.8873 113.11 64.8592 -5.08732 -9.20282 -103.031 12.7437 -56.6282 15.9634 -1.74084 -35.5408 -46.6986
0 56.1747 93.5677 21.0524 25.4148 57.6594 10.0568 29.4629 6.37555 -36.786 -7.27948 -38.6638 -41.3275
0 51.33 65.03 74.55 16.915 79.595 -78.765 35.255 -66.375 -4.275 -51.39 -53.915 -22.54
0 67.8492 92.5226 89.794 11.3869 35.5879 -62.4925 -8.34673 -63.7487 49.3266 -7.90955 -4.75879 -47.2362
0 67.9119 108.053 18.5639 33.0529 -38.207 -27.2115 -26.6564 -39.467 -7.9163 -12.8458 -38.9515 -32.837
0 59.401 100.828 51.4323 5.19792 -47.5365 -82.3437 -20.849 -67.1302 10.6719 32.1198 -53.6406 -36.0469
0 40.9367 109.81 -14.4051 -0.0569619 -89.7785 -20.6392 -62.8671 -7.56329 -18.2278 26.5696 1.5 -17.5
0 23.1013 90.392 72.0293 -8.09867 59.16 -76.2507 38.7787 -10.9253 -17.7867 -51.6773 -42.504 -59.9973
0 107.842 -86.3158 42.7836 -37.5439 -18.5731 -8.68421 -10.6667 -35.5146 51.3216 -8.49708 43.9474 9.04678
0 -19.5253 8.57576 20.9899 -27.7778 -25.0101 -27.0808 -24.5354 -39.505 -7.56566 16.8283 -25.3131 50.505
0 39.7387 122.06 94.6909 2.77136 23.5427 -89.0502 11.3844 -28.8719 28.5879 -32.397 7.44472 -54.8995
0 -3.79558 16.5691 -29.7459 12.6354 -2.20442 -17.7182 35.1547 -5.0663 -15.4862 15.7403 -55.2652 10.0552
0 -15.0565 38.1855 -35.3226 -16.5484 3.28226 -7.78226 23.4194 3.05645 26.25 1.1129 30.7903 29.5403
0 23.0222 113.407 -103.919 -63.2593 -9.98519 0.740741 1.65926 -19.8 -32.9704 -13.9704 66.6741 37.8444
0 15.6237 59.732 49.1289 -25.9072 -7.67526 -53.9897 1.70103 -26.0515 17.6546 29.335 -6.39691 15.7629
0 0.308594 51.5586 38.3516 -29.7031 46.6758 -62.4727 28.6484 19.8906 -19.418 -32.0078 -37.7187 -16.7227
0 40.6296 78.7222 38.6991 28.5046 65.0046 -62.6435 44.0509 -13.3056 -43.4907 -36.3935 -32.8889 -2.86111
0 84.2698 103.805 92.9767 70.9256 47.3907 -0.134884 5.63256 -46.5907 31.1953 -31.0605 1 -11.5116
0 20.1583 76.1942 62.6187 -8.65468 24.3957 -14.9281 9.78417 38.8129 13.8489 41.2302 -16.2446 -25.777
0 105.799 -82.5134 19.7545 -14.1875 -27.8884 -20.8214 -11.9598 -3.14732 -5.36161 -9.14732 14.6875 8.14732
0 68.0598 62.9293 32.8478 23.1141 -18.0109 -8.28261 -30.0598 -62.8206 27.0326 23.1576 -1.99457 6.42391
0 -4.55556 29.4615 -40.9402 -6.64103 -1.25641 -41.2051 30.6068 27.3675 -17.8291 27.8547 -4.68376 -33.7521
0 36.7687 66.2463 -10.0821 3.52239 -82.6045 -44.7836 7.93284 23.5821 27.6866 44.597 -17.2015 3.96269
0 57.7073 -6.26829 -12.4146 -10.1707 -68.0854 -47.0732 -24.2439 -23.9268 -23.0122 8.69512 -41.0976 0.829268
0 11.7563 85.3529 65.3445 5.83193 32.7731 -70.5042 54.6723 31.437 1.21008 -6.57983 9.66387 -27.1008
0 -3.72632 82.9579 -60.2105 -32.8 -17.8316 26.6632 -25.3579 1.97895 -23.4421 -35.3474 19.7368 6.78947
0 14.0787 78.7303 -42.1348 -15.0562 -61.2697 -23.4382 41.7191 20.7416 1.19101 -3.5618 -11.8876 16.7079
0 -9.01905 47.8667 -36.6286 -43.619 2.18095 -56.9809 53.0476 -6.15238 8.28571 -24.0476 15.1048 -18.0095
0 114.141 -97.6353 25.0824 -8.2 -17.5176 -24.5647 1.65882 -18.4588 -23.0235 -76.4823 32.7059 27.8824
0 58.0385 113.731 88.5897 46.5 11.1026 -31.6282 30.8333 31.8205 36.8718 -9.76923 14.8846 -6.76923
0 19.377 58.4016 2.88525 29.1475 -37.2787 -46.2951 84.0492 71.5 27.3525 -2.69672 -12.6311 22.9754
0 57.8837 92.0639 -3.81395 51.5349 -7.70349 87.8721 -29.7209 37.1221 -31.157 62.2733 29.8721 2.12791
0 63.9417 45.6083 10.5333 62.55 14.4417 -4.90833 21.4583 7.48333 -70.575 -23.575 -33.4083 25.0167
0 42.1354 57.4115 48.5312 -16.1927 17.9948 -35.5729 -8.27604 -5.77083 45.4635 -4.21875 -42.4687 -33.5781
0 53.1377 103.575 41.497 5.2994 34.1557 -31.6707 24.6946 -56.8323 12.6228 -40.4072 -0.652695 -13.8323
0 44.1604 -38.9623 3.78302 17.8774 -23.8491 -27.9811 46.9906 -18.6226 -8.04717 31.7264 9.40566 25.4811
0 56.4655 48.977 50.5 18.6897 28.2356 -54.0575 16.1839 -51.3908 9.50575 -53.8276 -27.1437 14.6264
0 11.9085 84.8841 21.8659 -21.5732 33.878 30.1951 -3.65244 31.0366 -7.60976 -40.2866 -11.1463 -31.7988
0 2.81482 50.5679 21.1852 -14.4012 -19.7099 -7.62346 -42.2901 27.7654 -17.5617 -2.91975 -40.9815 -6.00617
0 39.5215 72.5153 79.1166 10.0184 48.7914 -101.595 31.6196 -37.3067 3.06748 10.3865 -56.2761 -35.6319
0 29.3366 66.5854 -29.1219 -14.7902 45.8341 -19.9024 36.1415 -24.0976 -25.9366 -30.3756 -24.039 -3.53171
0 60.6068 -6.7265 23.7521 0.632479 -12.1453 -63.7265 18.2479 -62.6838 -13.3761 11.4872 -37.0769 23.4359
0 99.0342 -72.589 3.16438 26.3425 -6.4589 -35.9041 11.4658 -3.82877 -73.8151 -31.274 -17.8973 19.9178
0 37.5028 28.8249 94.3446 -23.0621 43.5876 -85.4068 17.0282 -20.9943 31.8023 6.33333 -26.9943 -8.84746
0 -13.8293 84.8415 77.6585 -47.061 -0.134146 -56.3049 -7.62195 28.7073 -13.7195 27.561 25.8293 -33.8415
0 -57.6296 -24.7407 -62.2963 83.4444 -21.5926 -41.2963 38.2963 -9.85185 5.48148 23.2222 30.2963 -19.4074
0 23.659 82.9422 103.431 -31.1879 73.052 -100.997 32.211 -1.54046 17.9653 12.7746 -31.2861 -64.6792
0 11.8485 72.5758 0.272728 22.6121 -40.8121 -2.26667 11.4667 62.7212 2.87879 12.8485 20.1394 -11.1152
